,date,OT
0,0,94.8
1,1,96.93
2,2,97.71
3,3,90.09
4,4,90.74
5,5,89.84
6,6,89.12
7,7,93.68
8,8,92.7
9,9,92.61
10,10,84.13
11,11,72.44
12,12,92.02
13,13,92.22
14,14,90.88
15,15,89.21
16,16,88.49
17,17,88.48
18,18,88.05
19,19,87.69
20,20,86.08
21,21,85.81
22,22,87.08
23,23,86.62
24,24,86.74
25,25,86.93
26,26,88.34
27,27,88.11
28,28,88.02
29,29,88.44
30,30,89.31
31,31,88.4
32,32,87.98
33,33,87.46
34,34,86.59
35,35,84.97
36,36,84.875
37,37,85.31
38,38,84.84
39,39,85.19
40,40,85.49
41,41,86.46
42,42,85.3849999999999
43,43,84.475
44,44,84.17
45,45,84.01
46,46,83.85
47,47,84.515
48,48,86.74
49,49,85.29
50,50,84.865
51,51,84.93
52,52,85.68
53,53,85.96
54,54,84.45
55,55,84.2
56,56,76.67
57,57,84.055
58,58,82.47
59,59,68.115
60,60,62.9899999999999
61,61,56.61
62,62,50.86
63,63,68.39750000000001
64,64,85.935
65,65,86.96
66,66,87.98
67,67,87.85
68,68,87.68
69,69,88.96
70,70,88.78
71,71,88.18
72,72,88.01
73,73,88.15
74,74,87.99
75,75,88.215
76,76,83.3
77,77,83.85
78,78,84.93
79,79,83.45
80,80,83.33
81,81,82.87
82,82,83.8
83,83,88.67
84,84,95.45
85,85,98.69
86,86,100.69
87,87,98.29
88,88,95.9
89,89,96.04
90,90,94.07
91,91,91.225
92,92,89.17
93,93,90.99
94,94,88.455
95,95,88.54
96,96,87.94
97,97,84.91
98,98,87.29
99,99,84.16
100,100,85.81
101,101,86.2299999999999
102,102,84.72
103,103,72.18
104,104,59.64
105,105,79.05
106,106,69.4325
107,107,59.815
108,108,60.06
109,109,60.3
110,110,60.545
111,111,59.93
112,112,59.84
113,113,58.785
114,114,59.0199999999999
115,115,59.67
116,116,58.24
117,117,58.76
118,118,59.6449999999999
119,119,60.49
120,120,89.65
121,121,88.09
122,122,88.48
123,123,88.18
124,124,85.1
125,125,86.33
126,126,86.94
127,127,86.95
128,128,84.495
129,129,86.4
130,130,86.73
131,131,85.66
132,132,87.56
133,133,85.5
134,134,87.18
135,135,88.69
136,136,89.98
137,137,90.01
138,138,86.55
139,139,87.23
140,140,87.09
141,141,86.55
142,142,88.27
143,143,88.57
144,144,87.52
145,145,88.17
146,146,85.08
147,147,87.35
148,148,83.55
149,149,87.41
150,150,83.75
151,151,84.8549999999999
152,152,86.08
153,153,82.94
154,154,85.88
155,155,82.43
156,156,82.52
157,157,83.2
158,158,82.43
159,159,84.82
160,160,84.31
161,161,85.68
162,162,85.78
163,163,85.52
164,164,85.9
165,165,86.0
166,166,86.03
167,167,84.66
168,168,84.78
169,169,81.51
170,170,84.55
171,171,84.63
172,172,80.59
173,173,82.56
174,174,85.05
175,175,84.86
176,176,85.05
177,177,85.0
178,178,84.87
179,179,80.26
180,180,81.74
181,181,85.1349999999999
182,182,85.59
183,183,83.2
184,184,83.47
185,185,85.83
186,186,84.18
187,187,84.9
188,188,83.94
189,189,84.53
190,190,84.68
191,191,83.61
192,192,83.785
193,193,82.68
194,194,82.95
195,195,83.44
196,196,83.06
197,197,82.68
198,198,82.67
199,199,83.52
200,200,83.33666666666666
201,201,83.15333333333332
202,202,82.97
203,203,84.62
204,204,83.57
205,205,81.25
206,206,64.87
207,207,87.36
208,208,87.35
209,209,87.17
210,210,86.29
211,211,86.47
212,212,86.16
213,213,85.845
214,214,85.82
215,215,87.56
216,216,91.62
217,217,91.21
218,218,91.76
219,219,91.085
220,220,92.88
221,221,92.8249999999999
222,222,92.05
223,223,91.67
224,224,93.315
225,225,94.56
226,226,93.33
227,227,92.03
228,228,92.48
229,229,92.42
230,230,92.38
231,231,92.77
232,232,92.435
233,233,85.765
234,234,85.5749999999999
235,235,86.24
236,236,85.73
237,237,85.61
238,238,85.1349999999999
239,239,86.25
240,240,86.905
241,241,87.09
242,242,86.64
243,243,86.65
244,244,86.55
245,245,86.78
246,246,87.22
247,247,86.8549999999999
248,248,87.69
249,249,87.88
250,250,86.985
251,251,87.9799999999999
252,252,88.525
253,253,88.68
254,254,88.3
255,255,89.03
256,256,90.06
257,257,88.15
258,258,87.84
259,259,87.28
260,260,87.305
261,261,87.435
262,262,87.1
263,263,93.7
264,264,93.51
265,265,93.49
266,266,94.29
267,267,94.125
268,268,95.06
269,269,97.62
270,270,95.04
271,271,95.2
272,272,95.11
273,273,102.0
274,274,101.45
275,275,101.67
276,276,100.97
277,277,101.94
278,278,102.285
279,279,102.81
280,280,89.2
281,281,89.71
282,282,89.65
283,283,89.74
284,284,88.785
285,285,88.99
286,286,90.58
287,287,92.05
288,288,91.19
289,289,90.0
290,290,89.65
291,291,89.65
292,292,87.71
293,293,87.05
294,294,86.29
295,295,86.14
296,296,87.36
297,297,87.09333333333332
298,298,86.82666666666667
299,299,86.56
300,300,86.395
301,301,86.1349999999999
302,302,85.56
303,303,86.365
304,304,85.99875
305,305,85.6325
306,306,85.26625
307,307,84.9
308,308,84.5749999999999
309,309,83.6
310,310,82.78
311,311,81.88
312,312,81.87
313,313,84.03
314,314,84.14
315,315,85.46
316,316,85.19
317,317,84.78
318,318,84.95
319,319,83.48
320,320,83.4
321,321,83.3
322,322,83.58
323,323,83.44
324,324,83.025
325,325,82.52333333333333
326,326,82.02166666666666
327,327,81.52
328,328,81.78
329,329,81.17
330,330,82.67
331,331,82.28
332,332,78.99
333,333,79.91
334,334,79.31
335,335,79.24
336,336,78.31
337,337,78.45
338,338,78.24
339,339,77.66
340,340,76.3
341,341,99.99
342,342,82.95
343,343,76.05
344,344,79.25
345,345,136.26
346,346,76.58
347,347,124.24
348,348,160.34
349,349,75.62
350,350,75.46
351,351,75.54
352,352,74.63
353,353,73.375
354,354,72.57
355,355,70.84
356,356,67.86
357,357,70.07
358,358,72.22
359,359,72.11
360,360,69.79
361,361,68.67
362,362,68.39
363,363,68.49
364,364,67.88
365,365,68.04
366,366,67.6
367,367,69.59
368,368,70.04
369,369,70.71
370,370,69.91
371,371,69.56
372,372,69.02
373,373,69.49
374,374,68.97
375,375,70.16
376,376,68.18
377,377,67.55
378,378,67.02
379,379,66.89
380,380,67.125
381,381,71.695
382,382,71.71
383,383,73.305
384,384,70.36
385,385,68.66
386,386,67.57
387,387,67.4
388,388,88.17
389,389,87.17
390,390,86.93
391,391,83.82
392,392,85.0399999999999
393,393,73.91
394,394,86.735
395,395,85.685
396,396,85.38
397,397,87.765
398,398,83.96
399,399,81.795
400,400,83.13
401,401,84.5449999999999
402,402,80.56
403,403,84.37
404,404,86.27
405,405,83.685
406,406,80.18
407,407,80.88
408,408,77.18
409,409,80.63
410,410,82.47
411,411,82.57
412,412,84.13
413,413,86.52
414,414,86.4
415,415,88.85
416,416,89.96
417,417,87.54
418,418,86.31
419,419,85.15
420,420,85.49
421,421,85.19
422,422,86.21
423,423,86.67
424,424,87.67
425,425,85.03
426,426,85.99
427,427,87.65
428,428,87.5
429,429,85.74
430,430,56.04
431,431,61.685
432,432,87.94
433,433,86.95
434,434,87.39
435,435,83.55
436,436,83.66
437,437,85.18
438,438,86.94
439,439,86.6049999999999
440,440,88.45
441,441,86.605
442,442,84.76
443,443,84.85666666666667
444,444,84.95333333333333
445,445,85.05
446,446,84.84
447,447,84.58333333333333
448,448,84.32666666666667
449,449,84.07
450,450,85.13
451,451,86.19
452,452,87.25
453,453,86.48
454,454,87.15
455,455,85.97
456,456,86.23
457,457,86.57
458,458,88.72
459,459,88.03
460,460,89.65
461,461,88.85666666666667
462,462,88.06333333333333
463,463,87.27
464,464,91.68
465,465,92.03
466,466,91.315
467,467,80.1049999999999
468,468,87.52
469,469,91.88
470,470,91.19
471,471,90.83
472,472,86.935
473,473,90.38
474,474,86.89
475,475,88.585
476,476,87.99
477,477,87.76
478,478,87.56
479,479,86.75
480,480,87.12
481,481,87.0
482,482,88.05
483,483,89.145
484,484,92.22
485,485,85.11
486,486,89.295
487,487,89.58
488,488,89.205
489,489,86.07
490,490,87.73
491,491,86.11
492,492,87.5749999999999
493,493,89.06
494,494,89.04
495,495,88.54
496,496,88.32
497,497,87.23
498,498,87.46
499,499,87.32
500,500,87.56
501,501,87.69
502,502,87.19666666666666
503,503,86.70333333333333
504,504,86.21
505,505,86.25
506,506,88.02
507,507,86.05
508,508,85.755
509,509,87.14
510,510,85.05
511,511,85.005
512,512,85.15
513,513,86.1649999999999
514,514,82.03
515,515,84.73
516,516,87.34
517,517,89.44
518,518,91.79
519,519,87.55
520,520,91.6349999999999
521,521,76.2
522,522,87.32
523,523,85.74
524,524,65.47
525,525,86.785
526,526,81.42
527,527,84.1
528,528,85.3249999999999
529,529,83.96
530,530,82.87
531,531,84.7
532,532,85.16
533,533,85.24
534,534,85.0
535,535,85.3
536,536,85.5
537,537,85.76
538,538,85.71
539,539,85.655
540,540,85.33
541,541,85.89
542,542,85.78
543,543,86.32
544,544,80.525
545,545,79.79
546,546,79.5
547,547,79.57
548,548,78.3849999999999
549,549,78.47
550,550,78.89
551,551,81.14
552,552,82.33
553,553,82.515
554,554,77.795
555,555,79.0749999999999
556,556,82.76
557,557,82.15
558,558,82.57
559,559,82.8549999999999
560,560,82.43
561,561,82.27
562,562,82.3
563,563,79.97
564,564,77.765
565,565,78.5
566,566,79.235
567,567,79.97
568,568,82.99
569,569,81.38
570,570,80.98
571,571,83.91
572,572,86.36
573,573,83.62
574,574,85.08
575,575,85.18
576,576,84.28
577,577,82.6649999999999
578,578,85.99
579,579,83.28
580,580,86.69
581,581,82.25
582,582,76.67
583,583,71.11
584,584,84.05
585,585,83.32
586,586,81.08
587,587,84.13
588,588,83.05
589,589,83.63
590,590,82.29
591,591,81.85
592,592,82.83
593,593,81.58
594,594,80.64
595,595,79.155
596,596,86.85
597,597,68.08
598,598,66.11
599,599,65.44
600,600,56.1
601,601,54.08
602,602,50.66
603,603,59.7399999999999
604,604,60.61
605,605,54.7099999999999
606,606,58.85
607,607,57.565
608,608,57.22
609,609,61.73
610,610,55.59
611,611,55.415
612,612,56.4
613,613,59.475
614,614,52.9
615,615,57.665
616,616,60.205
617,617,56.36
618,618,58.3
619,619,61.05
620,620,55.135
621,621,55.708333333333336
622,622,56.281666666666666
623,623,56.855
624,624,57.47
625,625,59.5125
626,626,61.555
627,627,53.89
628,628,55.30666666666667
629,629,56.723333333333336
630,630,58.14
631,631,54.57
632,632,62.26
633,633,60.84
634,634,61.51
635,635,58.15
636,636,57.835
637,637,57.665
638,638,59.46
639,639,55.94
640,640,56.9
641,641,58.33
642,642,55.525
643,643,55.86
644,644,58.175
645,645,52.6
646,646,55.91
647,647,59.35
648,648,59.845
649,649,55.65
650,650,59.88
651,651,60.4
652,652,62.765
653,653,64.17
654,654,64.7899999999999
655,655,64.1649999999999
656,656,63.57
657,657,66.64
658,658,63.0
659,659,57.46
660,660,51.92
661,661,92.33
662,662,116.31
663,663,121.095
664,664,118.83
665,665,116.565
666,666,118.6275
667,667,120.69
668,668,96.46
669,669,99.16
670,670,100.48
671,671,99.12
672,672,97.41
673,673,95.97
674,674,95.12
675,675,93.34
676,676,91.81
677,677,93.175
678,678,90.26
679,679,90.68
680,680,87.53
681,681,88.85
682,682,88.79
683,683,90.32
684,684,97.25
685,685,99.6
686,686,100.48
687,687,99.48
688,688,79.5749999999999
689,689,102.43
690,690,101.54
691,691,100.65
692,692,99.76
693,693,98.87
694,694,100.215
695,695,124.71
696,696,97.44
697,697,96.01333333333332
698,698,94.58666666666666
699,699,93.16
700,700,95.33
701,701,94.49
702,702,92.81
703,703,90.97
704,704,77.42333333333333
705,705,63.876666666666665
706,706,50.33
707,707,91.7
708,708,92.81
709,709,109.66
710,710,93.69
711,711,116.3
712,712,103.55
713,713,90.8
714,714,196.495
715,715,107.06
716,716,188.9
717,717,96.37
718,718,145.61
719,719,194.85
720,720,100.31
721,721,101.1
722,722,99.955
723,723,96.72
724,724,101.555
725,725,54.11
726,726,60.32
727,727,52.87
728,728,53.1
729,729,96.3
730,730,97.78
731,731,99.81
732,732,100.25
733,733,99.9
734,734,99.14
735,735,96.2
736,736,94.38
737,737,93.23
738,738,91.89
739,739,91.735
740,740,92.89
741,741,94.97
742,742,147.855
743,743,91.76
744,744,92.725
745,745,104.37
746,746,94.59
747,747,90.1649999999999
748,748,94.44
749,749,94.63
750,750,94.89
751,751,94.47
752,752,92.955
753,753,94.03
754,754,94.78
755,755,75.96
756,756,88.405
757,757,88.75
758,758,90.75
759,759,89.43
760,760,91.775
761,761,89.83
762,762,93.145
763,763,97.35
764,764,98.52
765,765,97.31
766,766,99.86
767,767,98.88
768,768,95.035
769,769,94.21
770,770,92.8
771,771,93.72
772,772,90.93
773,773,91.71
774,774,89.28
775,775,87.93
776,776,91.735
777,777,83.555
778,778,83.62
779,779,86.33
780,780,90.86
781,781,90.16
782,782,90.25
783,783,91.03
784,784,93.38
785,785,93.49
786,786,91.31
787,787,88.245
788,788,89.35
789,789,88.62
790,790,89.63
791,791,87.97
792,792,79.11
793,793,87.64
794,794,86.91
795,795,86.44
796,796,84.53
797,797,86.17
798,798,86.96
799,799,86.05
800,800,86.37
801,801,88.18
802,802,94.95
803,803,90.68
804,804,90.84
805,805,90.69
806,806,95.58
807,807,102.414999999999
808,808,107.305
809,809,108.65
810,810,110.745
811,811,111.03
812,812,111.95
813,813,106.515
814,814,100.92
815,815,96.94
816,816,91.38
817,817,89.98
818,818,88.22
819,819,89.67
820,820,89.8
821,821,89.45
822,822,127.28
823,823,138.08
824,824,135.415
825,825,146.41
826,826,158.98
827,827,154.985
828,828,185.12
829,829,200.84
830,830,187.43
831,831,170.63
832,832,141.72
833,833,137.70999999999998
834,834,133.7
835,835,126.7
836,836,129.66
837,837,125.92
838,838,123.58
839,839,108.56
840,840,103.384999999999
841,841,110.96
842,842,110.695
843,843,120.12
844,844,130.39
845,845,129.4
846,846,114.23
847,847,148.47
848,848,154.24
849,849,152.39
850,850,151.87
851,851,151.29
852,852,143.93
853,853,132.09
854,854,123.175
855,855,126.81
856,856,137.71
857,857,126.695
858,858,125.71
859,859,127.49
860,860,126.52
861,861,118.74
862,862,122.58
863,863,114.88
864,864,118.414999999999
865,865,122.015
866,866,126.16
867,867,130.87
868,868,133.37
869,869,126.68
870,870,123.03
871,871,121.3
872,872,121.42
873,873,122.25
874,874,125.09
875,875,127.93
876,876,125.3
877,877,125.29
878,878,120.68
879,879,124.68
880,880,119.75
881,881,122.78
882,882,120.995
883,883,120.84
884,884,116.8
885,885,121.07
886,886,118.634999999999
887,887,116.25
888,888,117.83
889,889,184.555
890,890,113.49
891,891,113.384999999999
892,892,111.87
893,893,111.44
894,894,105.81
895,895,104.28
896,896,104.38
897,897,104.93
898,898,105.555
899,899,103.82
900,900,103.2
901,901,100.025
902,902,96.09
903,903,234.9
904,904,97.97
905,905,98.99
906,906,96.27
907,907,94.12
908,908,95.7
909,909,99.03
910,910,105.69
911,911,116.71
912,912,124.2
913,913,126.26
914,914,119.914999999999
915,915,123.69
916,916,119.76
917,917,117.085
918,918,114.26
919,919,114.35
920,920,110.17
921,921,106.65
922,922,105.02
923,923,100.33
924,924,101.08
925,925,98.49
926,926,99.985
927,927,103.26
928,928,109.88
929,929,116.095
930,930,115.75
931,931,114.59
932,932,110.86
933,933,110.27
934,934,118.93
935,935,108.56
936,936,132.01
937,937,134.01
938,938,131.31
939,939,63.93
940,940,64.93
941,941,122.54
942,942,123.51
943,943,124.5
944,944,125.22
945,945,127.53
946,946,127.19
947,947,126.895
948,948,126.6
949,949,125.75
950,950,117.69
951,951,110.13
952,952,112.81
953,953,116.83833333333332
954,954,120.86666666666667
955,955,124.895
956,956,128.315
957,957,127.33
958,958,126.64
959,959,129.18
960,960,125.2
961,961,128.96
962,962,128.905
963,963,121.51
964,964,116.98
965,965,117.3
966,966,114.45
967,967,112.32
968,968,107.02
969,969,104.66
970,970,97.95
971,971,87.05
972,972,90.08
973,973,97.9149999999999
974,974,87.99
975,975,95.105
976,976,92.65
977,977,91.38
978,978,92.5399999999999
979,979,79.565
980,980,64.21
981,981,96.47
982,982,95.89
983,983,89.08
984,984,96.49
985,985,83.64
986,986,80.215
987,987,91.47
988,988,83.21
989,989,92.25
990,990,95.16
991,991,95.5449999999999
992,992,94.46
993,993,94.34
994,994,94.79
995,995,96.705
996,996,60.01
997,997,95.79
998,998,93.035
999,999,95.09
1000,1000,98.88
1001,1001,99.79
1002,1002,103.72
1003,1003,85.765
1004,1004,112.824999999999
1005,1005,120.89
1006,1006,128.88
1007,1007,123.52
1008,1008,123.9
1009,1009,126.414999999999
1010,1010,121.65
1011,1011,116.67
1012,1012,116.0
1013,1013,116.104999999999
1014,1014,109.37
1015,1015,104.09
1016,1016,98.59
1017,1017,98.85
1018,1018,101.08
1019,1019,100.505
1020,1020,99.66
1021,1021,99.065
1022,1022,99.54
1023,1023,101.555
1024,1024,102.84
1025,1025,99.21
1026,1026,101.74
1027,1027,102.39
1028,1028,67.17
1029,1029,105.664999999999
1030,1030,107.08
1031,1031,100.875
1032,1032,69.84
1033,1033,97.16
1034,1034,96.67
1035,1035,98.02
1036,1036,95.54
1037,1037,93.14
1038,1038,89.93
1039,1039,90.38
1040,1040,90.765
1041,1041,90.88
1042,1042,92.91
1043,1043,93.8
1044,1044,63.845
1045,1045,95.98
1046,1046,98.08
1047,1047,101.11
1048,1048,108.07
1049,1049,113.625
1050,1050,78.18
1051,1051,95.485
1052,1052,106.46
1053,1053,128.6
1054,1054,81.02
1055,1055,118.24
1056,1056,114.7
1057,1057,107.25
1058,1058,109.16
1059,1059,108.13
1060,1060,108.61
1061,1061,69.16
1062,1062,67.71
1063,1063,70.79
1064,1064,110.89
1065,1065,115.645
1066,1066,114.24
1067,1067,116.86
1068,1068,115.91
1069,1069,115.78
1070,1070,119.71
1071,1071,124.185
1072,1072,125.22
1073,1073,122.65
1074,1074,116.74
1075,1075,121.97
1076,1076,119.97
1077,1077,131.43
1078,1078,121.24
1079,1079,123.81
1080,1080,123.1
1081,1081,125.02
1082,1082,126.94
1083,1083,128.06
1084,1084,122.52
1085,1085,120.99
1086,1086,121.11
1087,1087,124.07
1088,1088,129.39
1089,1089,130.67
1090,1090,132.33
1091,1091,86.95
1092,1092,82.8849999999999
1093,1093,130.32
1094,1094,121.9
1095,1095,117.39
1096,1096,67.61
1097,1097,104.75
1098,1098,99.46
1099,1099,94.29
1100,1100,92.32
1101,1101,93.54
1102,1102,98.14
1103,1103,103.99
1104,1104,111.36
1105,1105,71.2
1106,1106,109.18
1107,1107,121.12
1108,1108,127.67
1109,1109,131.48
1110,1110,138.415
1111,1111,136.52
1112,1112,113.75
1113,1113,146.48
1114,1114,153.64
1115,1115,160.8
1116,1116,160.72
1117,1117,153.68
1118,1118,96.76
1119,1119,85.61
1120,1120,143.09
1121,1121,132.954999999999
1122,1122,135.11
1123,1123,81.1049999999999
1124,1124,74.715
1125,1125,96.58
1126,1126,118.445
1127,1127,116.89
1128,1128,148.334999999999
1129,1129,139.71
1130,1130,111.86
1131,1131,97.4799999999999
1132,1132,98.43
1133,1133,99.16
1134,1134,85.84
1135,1135,100.39
1136,1136,100.04
1137,1137,100.84
1138,1138,104.22
1139,1139,91.85
1140,1140,124.81
1141,1141,117.09
1142,1142,103.84
1143,1143,125.59
1144,1144,123.81
1145,1145,123.56
1146,1146,127.95
1147,1147,120.324999999999
1148,1148,113.63
1149,1149,106.66
1150,1150,108.21
1151,1151,105.875
1152,1152,104.12
1153,1153,100.06
1154,1154,97.45
1155,1155,98.83
1156,1156,99.195
1157,1157,98.515
1158,1158,97.23
1159,1159,92.91
1160,1160,95.34
1161,1161,96.975
1162,1162,103.95
1163,1163,106.955
1164,1164,109.28
1165,1165,107.675
1166,1166,106.07
1167,1167,110.025
1168,1168,124.805
1169,1169,128.98
1170,1170,132.3
1171,1171,127.34
1172,1172,121.32
1173,1173,124.9
1174,1174,112.755
1175,1175,114.445
1176,1176,119.08
1177,1177,117.245
1178,1178,105.735
1179,1179,101.854999999999
1180,1180,97.51
1181,1181,100.57
1182,1182,95.11
1183,1183,94.81
1184,1184,91.89
1185,1185,86.595
1186,1186,96.4
1187,1187,92.39
1188,1188,99.755
1189,1189,101.08
1190,1190,104.48
1191,1191,104.76
1192,1192,116.51
1193,1193,118.81
1194,1194,116.92
1195,1195,115.96
1196,1196,114.6
1197,1197,119.085
1198,1198,111.58
1199,1199,119.095
1200,1200,112.86
1201,1201,102.93
1202,1202,104.47
1203,1203,100.96
1204,1204,97.76
1205,1205,96.46
1206,1206,96.48
1207,1207,99.33
1208,1208,105.645
1209,1209,105.4
1210,1210,108.43
1211,1211,109.7
1212,1212,114.86
1213,1213,123.46
1214,1214,127.355
1215,1215,126.15
1216,1216,128.72
1217,1217,139.29
1218,1218,133.0
1219,1219,132.82
1220,1220,135.76
1221,1221,134.34
1222,1222,129.5
1223,1223,128.44
1224,1224,124.52
1225,1225,118.46
1226,1226,108.37
1227,1227,109.64
1228,1228,108.01
1229,1229,110.38
1230,1230,101.16
1231,1231,103.73
1232,1232,100.39
1233,1233,97.59
1234,1234,104.09
1235,1235,101.574999999999
1236,1236,103.505
1237,1237,104.95
1238,1238,107.3
1239,1239,110.84
1240,1240,116.24
1241,1241,129.07
1242,1242,128.96
1243,1243,134.11
1244,1244,129.435
1245,1245,131.4
1246,1246,129.085
1247,1247,123.17
1248,1248,122.945
1249,1249,123.2775
1250,1250,123.61
1251,1251,120.56
1252,1252,122.42
1253,1253,116.685
1254,1254,115.67
1255,1255,115.52
1256,1256,114.56
1257,1257,104.19
1258,1258,108.1
1259,1259,109.71
1260,1260,98.79
1261,1261,97.12
1262,1262,99.92
1263,1263,97.595
1264,1264,98.24
1265,1265,81.775
1266,1266,93.65
1267,1267,94.09
1268,1268,98.36
1269,1269,98.155
1270,1270,100.65
1271,1271,106.01
1272,1272,110.15
1273,1273,112.52
1274,1274,118.12
1275,1275,117.79
1276,1276,119.205
1277,1277,115.44
1278,1278,112.9
1279,1279,110.49
1280,1280,110.98
1281,1281,110.9
1282,1282,114.57
1283,1283,108.78
1284,1284,109.87
1285,1285,107.185
1286,1286,106.16
1287,1287,104.98
1288,1288,104.835
1289,1289,100.655
1290,1290,106.18
1291,1291,108.0
1292,1292,110.32
1293,1293,111.19
1294,1294,118.96
1295,1295,126.27
1296,1296,126.53
1297,1297,126.51
1298,1298,133.79
1299,1299,132.18
1300,1300,136.695
1301,1301,136.88
1302,1302,144.23
1303,1303,136.83
1304,1304,133.38
1305,1305,125.11
1306,1306,119.074999999999
1307,1307,112.46
1308,1308,107.67
1309,1309,104.15
1310,1310,99.15
1311,1311,96.71
1312,1312,102.18
1313,1313,100.655
1314,1314,96.85
1315,1315,77.01
1316,1316,90.41
1317,1317,91.475
1318,1318,93.48
1319,1319,94.17
1320,1320,93.21
1321,1321,94.985
1322,1322,98.0
1323,1323,100.95
1324,1324,99.1
1325,1325,102.35
1326,1326,97.91
1327,1327,89.69
1328,1328,93.52
1329,1329,92.59
1330,1330,94.455
1331,1331,97.56
1332,1332,96.12
1333,1333,97.22
1334,1334,97.07
1335,1335,93.9
1336,1336,93.745
1337,1337,93.75
1338,1338,98.36
1339,1339,96.88
1340,1340,98.39
1341,1341,101.995
1342,1342,103.11
1343,1343,99.525
1344,1344,95.62
1345,1345,91.935
1346,1346,94.975
1347,1347,101.98
1348,1348,105.53
1349,1349,108.98
1350,1350,102.31
1351,1351,106.7
1352,1352,106.1
1353,1353,105.75
1354,1354,106.82
1355,1355,107.77
1356,1356,109.64
1357,1357,106.51
1358,1358,105.19
1359,1359,116.84
1360,1360,110.65
1361,1361,113.095
1362,1362,119.07
1363,1363,114.04
1364,1364,115.58
1365,1365,111.99
1366,1366,113.615
1367,1367,120.12
1368,1368,115.965
1369,1369,120.1
1370,1370,117.51
1371,1371,110.43
1372,1372,109.36
1373,1373,107.02
1374,1374,103.995
1375,1375,102.63
1376,1376,101.05
1377,1377,108.07
1378,1378,110.725
1379,1379,117.15
1380,1380,117.61
1381,1381,120.85
1382,1382,122.73
1383,1383,132.12
1384,1384,129.41
1385,1385,134.69
1386,1386,145.0
1387,1387,140.83
1388,1388,141.755
1389,1389,156.445
1390,1390,150.0
1391,1391,136.86
1392,1392,136.665
1393,1393,138.58
1394,1394,131.43
1395,1395,118.67
1396,1396,116.93
1397,1397,123.985
1398,1398,113.33
1399,1399,109.61
1400,1400,110.62
1401,1401,117.78
1402,1402,118.28
1403,1403,130.765
1404,1404,124.83
1405,1405,121.245
1406,1406,130.615
1407,1407,131.46
1408,1408,129.86
1409,1409,153.95
1410,1410,155.96
1411,1411,164.055
1412,1412,156.54
1413,1413,154.95
1414,1414,147.62
1415,1415,144.28
1416,1416,140.94
1417,1417,138.435
1418,1418,140.945
1419,1419,134.61
1420,1420,113.495
1421,1421,127.17
1422,1422,143.67
1423,1423,162.82
1424,1424,129.73
1425,1425,128.99
1426,1426,127.46
1427,1427,126.12
1428,1428,112.14
1429,1429,123.895
1430,1430,125.5225
1431,1431,127.15
1432,1432,127.85
1433,1433,131.09
1434,1434,130.56
1435,1435,133.19
1436,1436,132.17
1437,1437,128.57
1438,1438,131.49
1439,1439,132.015
1440,1440,127.01
1441,1441,125.805
1442,1442,126.45
1443,1443,123.65
1444,1444,124.14
1445,1445,124.88
1446,1446,123.74
1447,1447,126.885
1448,1448,130.03
1449,1449,135.56
1450,1450,142.78
1451,1451,139.19
1452,1452,142.13
1453,1453,141.14
1454,1454,144.235
1455,1455,147.55
1456,1456,148.215
1457,1457,150.25
1458,1458,147.72
1459,1459,149.92
1460,1460,142.265
1461,1461,134.35
1462,1462,131.8
1463,1463,131.43
1464,1464,127.8
1465,1465,126.05
1466,1466,141.46
1467,1467,128.46
1468,1468,124.88
1469,1469,123.5
1470,1470,125.36
1471,1471,127.24
1472,1472,129.18
1473,1473,126.52
1474,1474,119.735
1475,1475,117.52
1476,1476,115.54
1477,1477,114.29
1478,1478,113.21
1479,1479,112.18
1480,1480,112.98
1481,1481,112.815
1482,1482,112.65
1483,1483,113.41
1484,1484,115.74
1485,1485,120.28
1486,1486,125.06
1487,1487,127.13
1488,1488,130.065
1489,1489,130.88
1490,1490,129.755
1491,1491,126.03
1492,1492,130.11
1493,1493,132.72
1494,1494,128.58
1495,1495,127.02
1496,1496,122.71
1497,1497,130.19
1498,1498,126.88
1499,1499,126.82
1500,1500,132.16
1501,1501,131.47
1502,1502,126.66
1503,1503,124.93
1504,1504,128.69
1505,1505,128.18
1506,1506,134.44
1507,1507,136.35
1508,1508,142.79
1509,1509,148.49
1510,1510,150.05
1511,1511,145.12
1512,1512,146.28
1513,1513,142.12
1514,1514,150.485
1515,1515,154.23
1516,1516,155.6
1517,1517,151.35
1518,1518,153.99
1519,1519,153.04
1520,1520,165.96
1521,1521,173.65
1522,1522,178.87
1523,1523,175.94
1524,1524,174.17
1525,1525,187.15
1526,1526,176.61
1527,1527,166.14
1528,1528,158.91
1529,1529,157.54
1530,1530,154.175
1531,1531,158.61
1532,1532,160.545
1533,1533,167.875
1534,1534,170.954999999999
1535,1535,170.49
1536,1536,166.33
1537,1537,159.8
1538,1538,162.77
1539,1539,175.17
1540,1540,186.04
1541,1541,184.36
1542,1542,190.83
1543,1543,191.95
1544,1544,195.87
1545,1545,195.735
1546,1546,193.805
1547,1547,179.37
1548,1548,171.08
1549,1549,162.84
1550,1550,161.2
1551,1551,163.49
1552,1552,156.56
1553,1553,142.53
1554,1554,136.32
1555,1555,120.53
1556,1556,154.38
1557,1557,148.42
1558,1558,148.03
1559,1559,150.625
1560,1560,153.22
1561,1561,152.225
1562,1562,159.27
1563,1563,163.58
1564,1564,172.22
1565,1565,173.61
1566,1566,178.36
1567,1567,177.79
1568,1568,192.21
1569,1569,193.12
1570,1570,189.43
1571,1571,178.43
1572,1572,180.26
1573,1573,183.62
1574,1574,178.8
1575,1575,178.75
1576,1576,176.58
1577,1577,177.1
1578,1578,172.36
1579,1579,168.8
1580,1580,162.33
1581,1581,160.34
1582,1582,155.99
1583,1583,147.51
1584,1584,144.48
1585,1585,144.59
1586,1586,150.84
1587,1587,161.01
1588,1588,156.245
1589,1589,165.16
1590,1590,174.875
1591,1591,184.59
1592,1592,186.13
1593,1593,199.36
1594,1594,228.075
1595,1595,229.11
1596,1596,223.44
1597,1597,220.84
1598,1598,212.8
1599,1599,202.06
1600,1600,194.22
1601,1601,186.38
1602,1602,172.51
1603,1603,164.82
1604,1604,154.12
1605,1605,144.59
1606,1606,148.82
1607,1607,145.39
1608,1608,148.94
1609,1609,148.84
1610,1610,155.715
1611,1611,162.59
1612,1612,158.77
1613,1613,154.34
1614,1614,153.63
1615,1615,152.28
1616,1616,155.95
1617,1617,164.38
1618,1618,176.19
1619,1619,175.39
1620,1620,179.38
1621,1621,182.14
1622,1622,193.99
1623,1623,206.6
1624,1624,218.835
1625,1625,210.315
1626,1626,217.695
1627,1627,206.4
1628,1628,193.57
1629,1629,179.295
1630,1630,188.03
1631,1631,179.52
1632,1632,183.71
1633,1633,182.9
1634,1634,185.17
1635,1635,186.05
1636,1636,179.885
1637,1637,171.135
1638,1638,176.46
1639,1639,170.55
1640,1640,173.18
1641,1641,172.73
1642,1642,175.245
1643,1643,181.69
1644,1644,189.15
1645,1645,198.35
1646,1646,194.46
1647,1647,192.59
1648,1648,186.76
1649,1649,181.16
1650,1650,178.67
1651,1651,180.875
1652,1652,174.63
1653,1653,175.53
1654,1654,165.28
1655,1655,162.53
1656,1656,160.85
1657,1657,163.76
1658,1658,166.67
1659,1659,169.58
1660,1660,165.615
1661,1661,165.23
1662,1662,162.43
1663,1663,162.35
1664,1664,154.13
1665,1665,153.91
1666,1666,150.375
1667,1667,155.93
1668,1668,164.74
1669,1669,164.575
1670,1670,165.48
1671,1671,173.225
1672,1672,171.39
1673,1673,168.545
1674,1674,163.38
1675,1675,164.88
1676,1676,157.86
1677,1677,158.87
1678,1678,156.015
1679,1679,163.44
1680,1680,163.64
1681,1681,167.77999999999997
1682,1682,171.92
1683,1683,160.77
1684,1684,171.28
1685,1685,186.25
1686,1686,194.78
1687,1687,206.7
1688,1688,217.045
1689,1689,214.01
1690,1690,209.935
1691,1691,212.76
1692,1692,199.5
1693,1693,192.1
1694,1694,174.6
1695,1695,150.83
1696,1696,136.075
1697,1697,120.795
1698,1698,113.845
1699,1699,105.86
1700,1700,102.12
1701,1701,107.84
1702,1702,107.07
1703,1703,107.01
1704,1704,109.57
1705,1705,108.59
1706,1706,120.17
1707,1707,123.38
1708,1708,126.16
1709,1709,134.075
1710,1710,140.49
1711,1711,148.45
1712,1712,158.06
1713,1713,165.49
1714,1714,173.44
1715,1715,165.459999999999
1716,1716,156.97
1717,1717,156.23
1718,1718,147.665
1719,1719,144.67
1720,1720,144.75
1721,1721,141.36
1722,1722,136.644999999999
1723,1723,129.12
1724,1724,125.1
1725,1725,122.1
1726,1726,122.9
1727,1727,118.945
1728,1728,123.28
1729,1729,125.42
1730,1730,125.15
1731,1731,123.1
1732,1732,121.29
1733,1733,123.54
1734,1734,129.63
1735,1735,138.64
1736,1736,139.755
1737,1737,140.35
1738,1738,144.32
1739,1739,141.425
1740,1740,139.654999999999
1741,1741,131.305
1742,1742,131.15
1743,1743,139.625
1744,1744,141.11
1745,1745,139.97
1746,1746,144.85
1747,1747,148.204999999999
1748,1748,158.04
1749,1749,160.06
1750,1750,162.94
1751,1751,168.9
1752,1752,171.085
1753,1753,177.07
1754,1754,175.29
1755,1755,166.61
1756,1756,168.649999999999
1757,1757,169.04
1758,1758,169.44
1759,1759,158.87
1760,1760,151.37
1761,1761,149.66
1762,1762,143.46
1763,1763,138.615
1764,1764,135.81
1765,1765,137.67
1766,1766,144.35
1767,1767,151.42
1768,1768,152.87
1769,1769,165.235
1770,1770,182.5
1771,1771,192.215
1772,1772,201.97
1773,1773,188.795
1774,1774,188.37
1775,1775,178.265
1776,1776,170.16
1777,1777,162.88
1778,1778,142.66
1779,1779,136.095
1780,1780,138.68
1781,1781,138.005
1782,1782,133.595
1783,1783,139.82
1784,1784,129.72
1785,1785,134.85
1786,1786,132.64
1787,1787,131.23
1788,1788,136.93
1789,1789,166.7
1790,1790,145.22
1791,1791,161.69
1792,1792,159.43
1793,1793,179.84
1794,1794,180.97
1795,1795,188.57
1796,1796,217.51
1797,1797,218.95
1798,1798,230.85
1799,1799,231.87
1800,1800,233.01
1801,1801,222.12
1802,1802,209.34
1803,1803,191.47
1804,1804,170.12
1805,1805,149.39
1806,1806,144.595
1807,1807,139.8
1808,1808,143.6
1809,1809,144.63
1810,1810,149.91
1811,1811,158.69
1812,1812,161.25
1813,1813,60.91
1814,1814,61.31
1815,1815,150.09
1816,1816,156.37
1817,1817,163.09
1818,1818,166.64
1819,1819,172.36
1820,1820,173.51
1821,1821,176.29
1822,1822,181.06
1823,1823,178.55
1824,1824,185.03
1825,1825,185.21
1826,1826,180.41
1827,1827,180.12
1828,1828,128.44
1829,1829,186.73
1830,1830,180.79
1831,1831,182.96
1832,1832,185.0075
1833,1833,187.055
1834,1834,204.745
1835,1835,199.4825
1836,1836,194.22
1837,1837,190.63
1838,1838,186.71
1839,1839,174.87
1840,1840,162.21
1841,1841,89.85
1842,1842,77.45
1843,1843,130.71
1844,1844,88.29
1845,1845,139.41
1846,1846,134.47
1847,1847,144.94
1848,1848,138.425
1849,1849,133.74
1850,1850,149.26
1851,1851,133.68
1852,1852,130.73
1853,1853,129.7
1854,1854,126.78
1855,1855,133.77
1856,1856,125.37
1857,1857,129.5
1858,1858,138.68
1859,1859,146.57
1860,1860,151.01
1861,1861,152.4
1862,1862,152.38
1863,1863,155.27
1864,1864,162.95
1865,1865,153.44
1866,1866,135.62
1867,1867,131.55
1868,1868,127.48
1869,1869,126.84
1870,1870,126.37
1871,1871,133.74
1872,1872,134.29
1873,1873,132.78
1874,1874,125.49
1875,1875,121.29
1876,1876,127.29
1877,1877,132.87
1878,1878,144.11
1879,1879,155.02
1880,1880,147.29
1881,1881,150.935
1882,1882,156.15
1883,1883,150.43
1884,1884,153.165
1885,1885,148.875
1886,1886,158.78
1887,1887,163.225
1888,1888,169.644999999999
1889,1889,160.71
1890,1890,154.17
1891,1891,146.825
1892,1892,142.19
1893,1893,132.13
1894,1894,118.77
1895,1895,113.28
1896,1896,115.925
1897,1897,116.02
1898,1898,114.08
1899,1899,116.68
1900,1900,129.57
1901,1901,139.09
1902,1902,148.385
1903,1903,150.42
1904,1904,159.3
1905,1905,167.454999999999
1906,1906,168.9
1907,1907,175.81
1908,1908,175.53
1909,1909,169.48
1910,1910,163.18
1911,1911,155.54
1912,1912,148.46
1913,1913,140.105
1914,1914,133.83
1915,1915,131.81
1916,1916,127.15
1917,1917,122.134999999999
1918,1918,119.86
1919,1919,118.89
1920,1920,118.805
1921,1921,116.4
1922,1922,116.39
1923,1923,114.125
1924,1924,110.98
1925,1925,111.31
1926,1926,107.79
1927,1927,112.44
1928,1928,111.875
1929,1929,118.095
1930,1930,120.59
1931,1931,130.08
1932,1932,134.13
1933,1933,143.87
1934,1934,151.04
1935,1935,152.02
1936,1936,148.38
1937,1937,150.11
1938,1938,148.89
1939,1939,155.13
1940,1940,151.98333333333332
1941,1941,148.83666666666667
1942,1942,145.69
1943,1943,152.54
1944,1944,153.14
1945,1945,160.66
1946,1946,154.96
1947,1947,147.57
1948,1948,171.29
1949,1949,157.615
1950,1950,139.08
1951,1951,134.49
1952,1952,126.86
1953,1953,116.164999999999
1954,1954,116.05
1955,1955,114.2
1956,1956,114.73
1957,1957,115.59
1958,1958,119.75
1959,1959,128.81
1960,1960,129.07
1961,1961,130.16
1962,1962,131.62
1963,1963,143.68
1964,1964,145.55
1965,1965,145.6
1966,1966,144.08
1967,1967,140.65
1968,1968,144.855
1969,1969,122.615
1970,1970,130.41
1971,1971,126.56
1972,1972,122.63
1973,1973,118.36
1974,1974,117.95
1975,1975,114.75
1976,1976,112.48
1977,1977,116.52
1978,1978,111.76
1979,1979,108.92
1980,1980,108.16
1981,1981,106.35
1982,1982,113.6
1983,1983,114.625
1984,1984,115.65
1985,1985,120.47
1986,1986,117.65
1987,1987,119.43
1988,1988,121.965
1989,1989,99.93
1990,1990,99.93
1991,1991,98.77
1992,1992,101.725
1993,1993,99.16
1994,1994,100.63
1995,1995,104.03
1996,1996,110.24
1997,1997,115.95
1998,1998,123.24
1999,1999,129.135
2000,2000,126.585
2001,2001,124.6
2002,2002,128.255
2003,2003,129.38
2004,2004,130.2
2005,2005,124.17
2006,2006,121.15
2007,2007,71.26
2008,2008,104.26
2009,2009,96.91
2010,2010,94.49
2011,2011,95.07
2012,2012,98.11
2013,2013,99.41
2014,2014,101.78
2015,2015,106.07
2016,2016,109.59
2017,2017,111.93
2018,2018,110.02
2019,2019,112.5
2020,2020,111.035
2021,2021,107.51
2022,2022,108.85
2023,2023,108.1
2024,2024,103.57
2025,2025,104.69
2026,2026,103.27
2027,2027,99.145
2028,2028,103.265
2029,2029,106.09
2030,2030,108.61
2031,2031,108.24
2032,2032,114.005
2033,2033,119.07
2034,2034,119.09
2035,2035,119.195
2036,2036,120.08
2037,2037,117.854999999999
2038,2038,116.15
2039,2039,116.89
2040,2040,114.29
2041,2041,113.74
2042,2042,106.68
2043,2043,109.84
2044,2044,108.76
2045,2045,106.09
2046,2046,106.23
2047,2047,101.37
2048,2048,101.41
2049,2049,102.25
2050,2050,102.98
2051,2051,103.98
2052,2052,101.64
2053,2053,99.39
2054,2054,96.77
2055,2055,95.65
2056,2056,94.46
2057,2057,96.22
2058,2058,99.155
2059,2059,103.02
2060,2060,103.75
2061,2061,108.76
2062,2062,109.26
2063,2063,106.62
2064,2064,104.24
2065,2065,103.59
2066,2066,103.15
2067,2067,102.38
2068,2068,102.47
2069,2069,100.4
2070,2070,100.37
2071,2071,97.98
2072,2072,96.31
2073,2073,93.53
2074,2074,94.215
2075,2075,95.24
2076,2076,93.88
2077,2077,92.15
2078,2078,91.6
2079,2079,91.29
2080,2080,90.31
2081,2081,89.34
2082,2082,88.5
2083,2083,84.06
2084,2084,88.495
2085,2085,94.465
2086,2086,97.96
2087,2087,102.75
2088,2088,105.37
2089,2089,112.05
2090,2090,111.384999999999
2091,2091,110.57
2092,2092,110.13
2093,2093,109.24
2094,2094,114.14
2095,2095,115.36
2096,2096,118.96
2097,2097,127.18
2098,2098,125.61
2099,2099,125.8
2100,2100,130.62
2101,2101,115.205
2102,2102,109.19
2103,2103,100.85
2104,2104,96.47
2105,2105,90.94
2106,2106,89.34
2107,2107,88.44
2108,2108,77.055
2109,2109,87.9
2110,2110,89.39
2111,2111,89.21
2112,2112,89.83
2113,2113,91.43
2114,2114,92.54
2115,2115,95.66
2116,2116,99.3
2117,2117,104.83
2118,2118,112.975
2119,2119,112.78
2120,2120,109.83
2121,2121,111.5
2122,2122,111.27
2123,2123,109.69
2124,2124,107.25
2125,2125,105.93
2126,2126,103.43
2127,2127,102.045
2128,2128,99.73
2129,2129,98.6
2130,2130,97.74
2131,2131,96.01
2132,2132,94.74
2133,2133,98.58
2134,2134,98.02
2135,2135,96.68
2136,2136,97.56
2137,2137,99.88
2138,2138,100.61
2139,2139,105.35
2140,2140,107.5
2141,2141,112.44
2142,2142,111.92
2143,2143,113.81
2144,2144,114.21
2145,2145,113.98
2146,2146,110.73
2147,2147,108.37
2148,2148,109.53
2149,2149,107.85
2150,2150,109.34
2151,2151,108.4
2152,2152,107.49
2153,2153,103.58
2154,2154,103.56
2155,2155,102.13
2156,2156,102.0
2157,2157,101.35
2158,2158,100.33
2159,2159,99.24
2160,2160,99.26
2161,2161,100.52
2162,2162,102.34
2163,2163,99.64
2164,2164,100.39
2165,2165,102.42
2166,2166,99.64
2167,2167,99.78
2168,2168,103.29
2169,2169,102.02
2170,2170,99.48
2171,2171,98.04
2172,2172,97.56
2173,2173,97.08
2174,2174,101.36
2175,2175,106.71
2176,2176,109.38
2177,2177,114.82
2178,2178,119.335
2179,2179,120.17
2180,2180,118.02
2181,2181,118.9
2182,2182,115.99
2183,2183,114.59
2184,2184,113.61
2185,2185,110.7
2186,2186,107.32
2187,2187,100.695
2188,2188,98.11
2189,2189,95.64
2190,2190,96.53
2191,2191,94.7
2192,2192,94.08
2193,2193,95.92
2194,2194,95.065
2195,2195,94.55
2196,2196,94.63
2197,2197,94.44
2198,2198,78.66833333333334
2199,2199,94.06
2200,2200,93.87
2201,2201,93.68
2202,2202,93.49
2203,2203,94.075
2204,2204,94.66
2205,2205,92.5
2206,2206,92.57
2207,2207,93.67
2208,2208,94.77
2209,2209,95.87
2210,2210,94.53
2211,2211,96.01
2212,2212,97.445
2213,2213,95.9
2214,2214,94.495
2215,2215,94.86
2216,2216,94.96
2217,2217,95.32
2218,2218,95.06
2219,2219,96.5
2220,2220,95.39
2221,2221,95.39
2222,2222,94.8249999999999
2223,2223,93.95
2224,2224,93.79
2225,2225,92.64
2226,2226,94.16
2227,2227,101.94
2228,2228,98.23
2229,2229,96.44
2230,2230,93.22
2231,2231,92.78
2232,2232,89.36
2233,2233,88.15
2234,2234,87.85
2235,2235,88.6
2236,2236,88.94
2237,2237,89.07
2238,2238,88.86
2239,2239,89.53
2240,2240,89.12
2241,2241,90.56
2242,2242,90.79
2243,2243,92.66
2244,2244,93.17
2245,2245,92.38
2246,2246,91.235
2247,2247,90.21
2248,2248,89.61
2249,2249,90.62
2250,2250,89.39
2251,2251,90.83
2252,2252,90.46
2253,2253,90.45
2254,2254,90.835
2255,2255,90.33
2256,2256,90.46
2257,2257,91.1
2258,2258,90.75
2259,2259,91.43
2260,2260,89.85
2261,2261,89.545
2262,2262,89.55
2263,2263,88.84
2264,2264,90.3
2265,2265,91.23
2266,2266,91.93
2267,2267,91.63
2268,2268,93.96
2269,2269,95.29
2270,2270,95.36
2271,2271,95.63
2272,2272,95.64
2273,2273,97.76
2274,2274,102.35
2275,2275,105.22
2276,2276,101.97
2277,2277,98.75
2278,2278,100.98
2279,2279,101.45
2280,2280,97.49
2281,2281,96.92
2282,2282,94.68
2283,2283,89.9
2284,2284,91.77
2285,2285,92.59249999999994
2286,2286,93.4149999999999
2287,2287,92.59
2288,2288,92.545
2289,2289,90.71
2290,2290,89.715
2291,2291,89.25
2292,2292,89.99
2293,2293,93.11
2294,2294,92.06
2295,2295,92.705
2296,2296,93.18
2297,2297,91.71
2298,2298,92.63
2299,2299,91.53
2300,2300,91.65
2301,2301,91.21
2302,2302,90.09
2303,2303,94.05
2304,2304,95.23
2305,2305,97.57
2306,2306,97.56
2307,2307,99.94
2308,2308,98.1
2309,2309,97.23
2310,2310,95.81
2311,2311,97.06
2312,2312,99.45
2313,2313,96.21
2314,2314,96.21
2315,2315,95.87
2316,2316,93.05
2317,2317,91.958
2318,2318,90.866
2319,2319,89.774
2320,2320,88.682
2321,2321,87.59
2322,2322,87.11
2323,2323,87.49
2324,2324,87.3
2325,2325,86.645
2326,2326,86.31
2327,2327,86.695
2328,2328,86.01
2329,2329,86.03
2330,2330,86.05
2331,2331,86.97
2332,2332,87.09
2333,2333,87.59
2334,2334,87.08
2335,2335,88.17
2336,2336,88.11
2337,2337,87.58
2338,2338,89.61
2339,2339,94.19
2340,2340,97.97
2341,2341,101.59
2342,2342,100.96
2343,2343,100.84
2344,2344,100.84
2345,2345,111.76
2346,2346,122.68
2347,2347,117.3
2348,2348,105.51
2349,2349,97.96
2350,2350,93.43
2351,2351,89.84
2352,2352,88.26
2353,2353,89.3
2354,2354,88.79
2355,2355,88.48
2356,2356,87.55
2357,2357,87.85
2358,2358,87.58
2359,2359,87.95
2360,2360,90.63
2361,2361,90.28
2362,2362,92.285
2363,2363,96.36
2364,2364,96.39
2365,2365,94.35
2366,2366,93.57
2367,2367,93.97
2368,2368,95.14
2369,2369,92.76
2370,2370,91.51
2371,2371,88.86
2372,2372,91.3
2373,2373,91.91
2374,2374,88.33
2375,2375,86.96
2376,2376,87.31
2377,2377,86.12
2378,2378,84.8
2379,2379,84.89
2380,2380,85.32
2381,2381,85.775
2382,2382,85.87
2383,2383,86.13
2384,2384,87.22
2385,2385,87.89
2386,2386,89.03
2387,2387,89.67
2388,2388,88.69
2389,2389,88.81
2390,2390,90.24
2391,2391,91.43
2392,2392,92.17
2393,2393,93.06
2394,2394,93.76
2395,2395,96.01
2396,2396,96.47
2397,2397,93.63
2398,2398,90.85
2399,2399,89.24
2400,2400,92.04
2401,2401,93.005
2402,2402,93.13
2403,2403,93.85
2404,2404,94.05
2405,2405,94.005
2406,2406,93.51
2407,2407,89.92
2408,2408,89.44
2409,2409,90.15
2410,2410,91.34
2411,2411,91.4
2412,2412,91.71
2413,2413,91.89
2414,2414,92.07
2415,2415,91.36
2416,2416,91.03
2417,2417,90.68
2418,2418,89.97
2419,2419,91.07
2420,2420,89.99
2421,2421,91.12
2422,2422,91.15
2423,2423,89.46
2424,2424,89.43
2425,2425,89.82
2426,2426,91.02
2427,2427,90.2
2428,2428,88.69
2429,2429,87.905
2430,2430,88.21
2431,2431,87.43
2432,2432,60.82
2433,2433,89.185
2434,2434,89.19
2435,2435,90.59
2436,2436,93.15
2437,2437,98.8
2438,2438,103.93
2439,2439,102.9
2440,2440,108.19
2441,2441,108.77
2442,2442,109.06
2443,2443,137.845
2444,2444,106.27
2445,2445,135.79
2446,2446,101.45
2447,2447,97.72
2448,2448,95.34
2449,2449,89.97
2450,2450,87.64
2451,2451,86.06
2452,2452,85.01
2453,2453,86.16
2454,2454,87.32
2455,2455,86.71
2456,2456,85.9
2457,2457,80.41
2458,2458,86.78
2459,2459,87.17
2460,2460,89.035
2461,2461,90.9
2462,2462,91.24
2463,2463,92.2
2464,2464,92.6649999999999
2465,2465,91.95
2466,2466,89.58
2467,2467,87.21
2468,2468,84.84
2469,2469,87.14
2470,2470,88.24
2471,2471,88.31
2472,2472,87.78
2473,2473,87.21
2474,2474,85.38
2475,2475,86.99
2476,2476,90.91
2477,2477,94.19
2478,2478,95.82
2479,2479,101.46
2480,2480,103.52
2481,2481,103.58
2482,2482,105.44
2483,2483,102.5
2484,2484,101.91
2485,2485,98.41
2486,2486,96.96
2487,2487,94.21
2488,2488,94.18
2489,2489,99.115
2490,2490,101.45
2491,2491,103.89
2492,2492,108.45
2493,2493,111.39
2494,2494,123.46
2495,2495,141.98
2496,2496,149.8
2497,2497,138.79
2498,2498,140.485
2499,2499,137.83
2500,2500,128.79
2501,2501,123.14
2502,2502,106.29
2503,2503,94.58
2504,2504,92.84
2505,2505,90.59
2506,2506,89.79
2507,2507,87.95
2508,2508,87.59
2509,2509,87.73
2510,2510,86.89
2511,2511,88.18
2512,2512,89.24
2513,2513,90.7
2514,2514,93.38
2515,2515,96.49
2516,2516,100.375
2517,2517,104.26
2518,2518,105.604999999999
2519,2519,104.16
2520,2520,102.53
2521,2521,102.53
2522,2522,102.40333333333336
2523,2523,102.27666666666669
2524,2524,102.15
2525,2525,100.24
2526,2526,100.245
2527,2527,98.28
2528,2528,98.21
2529,2529,95.04
2530,2530,92.03
2531,2531,88.81
2532,2532,87.11
2533,2533,84.85
2534,2534,85.57
2535,2535,85.18
2536,2536,84.9
2537,2537,86.15
2538,2538,87.4
2539,2539,87.91
2540,2540,89.18
2541,2541,90.27
2542,2542,92.98
2543,2543,92.44
2544,2544,91.33
2545,2545,91.98
2546,2546,92.24
2547,2547,93.29
2548,2548,92.05
2549,2549,91.51
2550,2550,90.61
2551,2551,90.41
2552,2552,89.87
2553,2553,89.42
2554,2554,89.42
2555,2555,90.02
2556,2556,89.13
2557,2557,88.0
2558,2558,86.98
2559,2559,85.83
2560,2560,85.6
2561,2561,83.41
2562,2562,83.42
2563,2563,84.29
2564,2564,85.14
2565,2565,86.52
2566,2566,88.9
2567,2567,89.44
2568,2568,90.82
2569,2569,90.77
2570,2570,91.17
2571,2571,91.02
2572,2572,90.66
2573,2573,89.66
2574,2574,90.04
2575,2575,89.84
2576,2576,87.58
2577,2577,89.935
2578,2578,93.38
2579,2579,91.54
2580,2580,90.26
2581,2581,89.36
2582,2582,88.72
2583,2583,88.11
2584,2584,88.11
2585,2585,87.14
2586,2586,85.59
2587,2587,84.57
2588,2588,84.91
2589,2589,84.91
2590,2590,85.36
2591,2591,87.21
2592,2592,87.66
2593,2593,88.71
2594,2594,88.11
2595,2595,86.96
2596,2596,87.91
2597,2597,87.19
2598,2598,87.05
2599,2599,87.15
2600,2600,87.1
2601,2601,86.89
2602,2602,87.3
2603,2603,90.56
2604,2604,94.23
2605,2605,92.86
2606,2606,92.25
2607,2607,92.55
2608,2608,91.56
2609,2609,88.12
2610,2610,87.845
2611,2611,88.8249999999999
2612,2612,89.42
2613,2613,89.39
2614,2614,87.08
2615,2615,87.08
2616,2616,87.5
2617,2617,87.265
2618,2618,86.65
2619,2619,86.51
2620,2620,86.88
2621,2621,88.15
2622,2622,87.3
2623,2623,88.65
2624,2624,87.69
2625,2625,87.45
2626,2626,87.21
2627,2627,85.64
2628,2628,85.94
2629,2629,85.18
2630,2630,85.05
2631,2631,85.36
2632,2632,86.51
2633,2633,85.22
2634,2634,84.65
2635,2635,86.3
2636,2636,85.92
2637,2637,85.92
2638,2638,85.23
2639,2639,86.83
2640,2640,89.43
2641,2641,91.52
2642,2642,90.96
2643,2643,92.64
2644,2644,93.28
2645,2645,93.79
2646,2646,94.33
2647,2647,100.28
2648,2648,94.0
2649,2649,91.85
2650,2650,90.76
2651,2651,89.015
2652,2652,89.52
2653,2653,90.65
2654,2654,88.89
2655,2655,87.59
2656,2656,85.15
2657,2657,87.8
2658,2658,87.62
2659,2659,85.01
2660,2660,86.37
2661,2661,84.91
2662,2662,88.15
2663,2663,87.3
2664,2664,86.09
2665,2665,84.88
2666,2666,84.94
2667,2667,85.5
2668,2668,84.69
2669,2669,84.86
2670,2670,84.48
2671,2671,78.87
2672,2672,83.88
2673,2673,84.4
2674,2674,84.57
2675,2675,84.74
2676,2676,85.31
2677,2677,86.01
2678,2678,84.9
2679,2679,84.78
2680,2680,84.82
2681,2681,84.45
2682,2682,85.18
2683,2683,85.58
2684,2684,84.345
2685,2685,84.53
2686,2686,84.51
2687,2687,84.08
2688,2688,84.3
2689,2689,85.34
2690,2690,84.68
2691,2691,84.59
2692,2692,84.86
2693,2693,84.365
2694,2694,85.02
2695,2695,85.305
2696,2696,85.59
2697,2697,85.37
2698,2698,83.8
2699,2699,82.67
2700,2700,83.36
2701,2701,83.14
2702,2702,83.44
2703,2703,83.84
2704,2704,84.95
2705,2705,84.29
2706,2706,84.8
2707,2707,85.96
2708,2708,83.78
2709,2709,85.2
2710,2710,85.15
2711,2711,85.31
2712,2712,85.13
2713,2713,87.275
2714,2714,87.87
2715,2715,91.12
2716,2716,91.8
2717,2717,88.86
2718,2718,89.23
2719,2719,88.13
2720,2720,87.26
2721,2721,86.02
2722,2722,86.25
2723,2723,86.35
2724,2724,86.17
2725,2725,86.36
2726,2726,84.35
2727,2727,83.04
2728,2728,83.3
2729,2729,83.98
2730,2730,81.52
2731,2731,84.93
2732,2732,85.39
2733,2733,85.29
2734,2734,86.16
2735,2735,86.62
2736,2736,80.78
2737,2737,85.445
2738,2738,86.56
2739,2739,87.28
2740,2740,86.79
2741,2741,86.33333333333333
2742,2742,85.87666666666667
2743,2743,85.42
2744,2744,84.85
2745,2745,85.33
2746,2746,86.02
2747,2747,87.56
2748,2748,89.68
2749,2749,89.98
2750,2750,91.62
2751,2751,89.41
2752,2752,91.66
2753,2753,93.33
2754,2754,89.74
2755,2755,91.64
2756,2756,92.93
2757,2757,92.32
2758,2758,90.22
2759,2759,89.06
2760,2760,88.39
2761,2761,87.57
2762,2762,87.205
2763,2763,85.3
2764,2764,85.56
2765,2765,85.72
2766,2766,86.31
2767,2767,86.57
2768,2768,88.04
2769,2769,87.79
2770,2770,87.83
2771,2771,87.55
2772,2772,87.39
2773,2773,89.24
2774,2774,90.08
2775,2775,94.41
2776,2776,97.91
2777,2777,98.26
2778,2778,96.68
2779,2779,93.23
2780,2780,91.06
2781,2781,67.98
2782,2782,88.85
2783,2783,86.81
2784,2784,87.42
2785,2785,86.145
2786,2786,82.61
2787,2787,84.01
2788,2788,85.0
2789,2789,85.14
2790,2790,85.48
2791,2791,85.68
2792,2792,87.69
2793,2793,88.595
2794,2794,75.97
2795,2795,88.28
2796,2796,89.685
2797,2797,89.785
2798,2798,89.38
2799,2799,89.83
2800,2800,89.53
2801,2801,88.76
2802,2802,89.09
2803,2803,88.775
2804,2804,88.77
2805,2805,87.98
2806,2806,88.23
2807,2807,86.89
2808,2808,85.29
2809,2809,84.77
2810,2810,84.48
2811,2811,83.07
2812,2812,84.1
2813,2813,84.24
2814,2814,84.38
2815,2815,85.1
2816,2816,86.32
2817,2817,87.13
2818,2818,87.76
2819,2819,87.33
2820,2820,87.94
2821,2821,86.74
2822,2822,86.44
2823,2823,86.71
2824,2824,87.89
2825,2825,87.67
2826,2826,87.55
2827,2827,86.54
2828,2828,85.76
2829,2829,85.19
2830,2830,85.39
2831,2831,86.88
2832,2832,86.06
2833,2833,85.22
2834,2834,84.43
2835,2835,83.94
2836,2836,84.46
2837,2837,84.16
2838,2838,84.76
2839,2839,61.31
2840,2840,85.48
2841,2841,89.78
2842,2842,86.52
2843,2843,85.51
2844,2844,85.23
2845,2845,86.6
2846,2846,86.51
2847,2847,85.16
2848,2848,84.57
2849,2849,84.34
2850,2850,84.44
2851,2851,84.71
2852,2852,84.2
2853,2853,83.69
2854,2854,83.75
2855,2855,84.21
2856,2856,85.37
2857,2857,85.73
2858,2858,85.85
2859,2859,86.24
2860,2860,85.65
2861,2861,86.18
2862,2862,85.17
2863,2863,85.14
2864,2864,85.42
2865,2865,85.01
2866,2866,84.27
2867,2867,83.48
2868,2868,83.53
2869,2869,84.45
2870,2870,84.78
2871,2871,84.99
2872,2872,85.005
2873,2873,85.85
2874,2874,85.22
2875,2875,84.0
2876,2876,85.24
2877,2877,86.935
2878,2878,86.77
2879,2879,85.68
2880,2880,86.46
2881,2881,85.18
2882,2882,84.63
2883,2883,85.32
2884,2884,86.17
2885,2885,86.09
2886,2886,86.53
2887,2887,86.7
2888,2888,85.71
2889,2889,87.37
2890,2890,88.17
2891,2891,88.59
2892,2892,88.47
2893,2893,87.23
2894,2894,86.2
2895,2895,85.9
2896,2896,86.3
2897,2897,85.84
2898,2898,86.89
2899,2899,87.06
2900,2900,86.76
2901,2901,86.39
2902,2902,85.39
2903,2903,84.75
2904,2904,85.13
2905,2905,56.57
2906,2906,55.72
2907,2907,55.91
2908,2908,56.77
2909,2909,56.57
2910,2910,55.5
2911,2911,55.11
2912,2912,55.92
2913,2913,86.12
2914,2914,82.41
2915,2915,81.99
2916,2916,81.8
2917,2917,82.025
2918,2918,84.1825
2919,2919,86.34
2920,2920,89.8249999999999
2921,2921,86.86
2922,2922,85.64
2923,2923,84.965
2924,2924,86.645
2925,2925,85.28
2926,2926,86.16
2927,2927,84.86
2928,2928,83.36
2929,2929,84.43
2930,2930,83.92
2931,2931,86.26
2932,2932,83.97
2933,2933,86.43
2934,2934,85.205
2935,2935,85.91
2936,2936,85.215
2937,2937,85.25
2938,2938,86.1349999999999
2939,2939,86.815
2940,2940,88.37
2941,2941,88.69
2942,2942,88.37
2943,2943,94.49
2944,2944,92.99
2945,2945,93.9149999999999
2946,2946,93.53
2947,2947,91.43
2948,2948,92.9
2949,2949,91.46
2950,2950,90.02
2951,2951,89.89
2952,2952,87.52
2953,2953,86.63
2954,2954,87.98
2955,2955,87.1649999999999
2956,2956,86.17
2957,2957,88.74
2958,2958,88.49
2959,2959,88.62
2960,2960,89.045
2961,2961,89.23
2962,2962,89.81
2963,2963,88.9
2964,2964,86.76
2965,2965,89.0
2966,2966,87.49
2967,2967,66.0
2968,2968,85.69
2969,2969,86.99
2970,2970,87.09
2971,2971,87.04
2972,2972,87.52
2973,2973,87.75
2974,2974,87.92
2975,2975,87.52
2976,2976,87.44
2977,2977,86.62
2978,2978,86.58
2979,2979,86.77
2980,2980,88.14
2981,2981,88.275
2982,2982,89.32
2983,2983,88.26
2984,2984,88.52
2985,2985,87.65
2986,2986,87.38
2987,2987,87.23
2988,2988,86.19
2989,2989,85.91
2990,2990,87.08
2991,2991,86.41
2992,2992,85.35
2993,2993,85.1
2994,2994,85.02
2995,2995,87.1049999999999
2996,2996,88.16
2997,2997,91.66
2998,2998,96.87
2999,2999,95.45
3000,3000,93.3
3001,3001,89.41
3002,3002,86.82
3003,3003,85.79
3004,3004,84.555
3005,3005,84.95
3006,3006,84.94
3007,3007,83.98
3008,3008,84.94
3009,3009,85.85
3010,3010,86.98
3011,3011,86.4
3012,3012,86.54
3013,3013,88.03
3014,3014,90.92
3015,3015,93.39
3016,3016,94.95
3017,3017,94.5
3018,3018,93.75
3019,3019,95.22
3020,3020,94.26
3021,3021,92.78
3022,3022,91.64
3023,3023,91.82
3024,3024,92.33
3025,3025,91.47
3026,3026,90.53
3027,3027,91.34
3028,3028,87.78
3029,3029,87.15
3030,3030,85.95
3031,3031,85.81
3032,3032,84.87
3033,3033,83.84
3034,3034,83.98
3035,3035,83.81
3036,3036,84.89
3037,3037,84.59
3038,3038,85.11
3039,3039,85.25
3040,3040,86.43
3041,3041,88.55
3042,3042,89.935
3043,3043,92.54
3044,3044,92.89
3045,3045,95.655
3046,3046,93.79
3047,3047,93.185
3048,3048,93.52
3049,3049,92.79
3050,3050,91.83
3051,3051,90.64
3052,3052,90.785
3053,3053,89.39
3054,3054,88.905
3055,3055,87.68
3056,3056,84.84
3057,3057,84.44
3058,3058,83.8
3059,3059,83.91
3060,3060,84.065
3061,3061,84.3249999999999
3062,3062,83.84
3063,3063,83.97
3064,3064,81.79
3065,3065,83.06
3066,3066,85.06
3067,3067,84.2
3068,3068,84.98
3069,3069,85.88
3070,3070,86.45
3071,3071,87.08
3072,3072,87.53
3073,3073,86.88
3074,3074,86.56
3075,3075,82.995
3076,3076,86.32
3077,3077,85.78
3078,3078,84.97
3079,3079,85.48
3080,3080,85.8
3081,3081,83.81
3082,3082,61.01
3083,3083,59.555
3084,3084,55.83
3085,3085,55.8
3086,3086,55.68
3087,3087,56.09
3088,3088,56.01
3089,3089,85.02
3090,3090,84.77
3091,3091,84.24
3092,3092,84.62
3093,3093,82.945
3094,3094,82.97
3095,3095,84.75
3096,3096,84.68
3097,3097,84.95
3098,3098,84.55
3099,3099,77.53
3100,3100,84.16
3101,3101,83.04
3102,3102,83.47
3103,3103,83.87
3104,3104,82.93
3105,3105,84.2
3106,3106,84.1
3107,3107,83.58
3108,3108,83.6
3109,3109,84.77
3110,3110,85.36
3111,3111,84.91
3112,3112,85.74
3113,3113,84.955
3114,3114,84.8
3115,3115,84.35
3116,3116,83.74
3117,3117,83.77
3118,3118,84.35
3119,3119,84.475
3120,3120,84.36
3121,3121,83.85
3122,3122,83.51
3123,3123,83.83
3124,3124,83.68
3125,3125,83.52
3126,3126,83.1
3127,3127,82.835
3128,3128,82.15
3129,3129,82.64
3130,3130,81.96
3131,3131,81.65
3132,3132,82.18
3133,3133,82.11
3134,3134,82.16
3135,3135,83.88
3136,3136,83.68
3137,3137,84.45
3138,3138,85.35
3139,3139,85.27
3140,3140,85.36
3141,3141,85.18
3142,3142,58.27
3143,3143,86.12
3144,3144,86.04
3145,3145,86.59
3146,3146,85.52
3147,3147,84.44
3148,3148,85.235
3149,3149,85.13
3150,3150,85.3
3151,3151,85.17
3152,3152,84.87
3153,3153,85.52
3154,3154,84.06
3155,3155,84.24
3156,3156,84.3
3157,3157,84.87
3158,3158,85.03
3159,3159,84.57
3160,3160,85.34
3161,3161,85.11
3162,3162,84.97
3163,3163,84.8
3164,3164,83.21
3165,3165,84.34
3166,3166,84.31
3167,3167,84.46
3168,3168,84.37
3169,3169,85.31
3170,3170,85.21
3171,3171,84.18
3172,3172,84.21
3173,3173,83.35
3174,3174,84.06
3175,3175,85.63
3176,3176,86.01
3177,3177,85.77
3178,3178,85.19
3179,3179,85.18
3180,3180,84.84
3181,3181,84.93
3182,3182,85.01
3183,3183,83.61
3184,3184,83.8849999999999
3185,3185,84.215
3186,3186,84.09
3187,3187,83.75
3188,3188,84.21
3189,3189,86.1
3190,3190,84.65
3191,3191,84.17
3192,3192,83.53
3193,3193,82.75
3194,3194,82.78
3195,3195,81.96
3196,3196,81.02
3197,3197,80.435
3198,3198,78.715
3199,3199,78.59
3200,3200,77.97
3201,3201,59.7699999999999
3202,3202,78.72
3203,3203,81.715
3204,3204,81.35
3205,3205,73.23
3206,3206,77.19
3207,3207,75.22
3208,3208,77.345
3209,3209,77.895
3210,3210,78.51
3211,3211,79.03500000000001
3212,3212,79.56
3213,3213,80.085
3214,3214,80.61
3215,3215,80.6
3216,3216,79.67
3217,3217,78.65
3218,3218,78.61
3219,3219,79.12
3220,3220,79.63
3221,3221,79.24
3222,3222,78.27
3223,3223,78.515
3224,3224,78.965
3225,3225,80.7
3226,3226,78.33
3227,3227,78.09
3228,3228,78.3
3229,3229,77.805
3230,3230,77.475
3231,3231,77.09
3232,3232,77.31
3233,3233,77.41
3234,3234,77.26
3235,3235,76.775
3236,3236,77.13
3237,3237,76.71
3238,3238,76.71
3239,3239,77.6
3240,3240,77.5
3241,3241,77.55
3242,3242,76.565
3243,3243,75.58
3244,3244,74.595
3245,3245,78.64
3246,3246,78.71
3247,3247,77.75
3248,3248,77.66
3249,3249,79.6349999999999
3250,3250,64.736
3251,3251,60.521
3252,3252,57.775
3253,3253,54.237
3254,3254,58.255
3255,3255,66.8584999999999
3256,3256,62.329749999999954
3257,3257,57.801
3258,3258,65.927
3259,3259,70.246
3260,3260,70.6
3261,3261,67.228
3262,3262,69.1325
3263,3263,59.545
3264,3264,70.63
3265,3265,71.61
3266,3266,70.896
3267,3267,71.223
3268,3268,71.998
3269,3269,71.818
3270,3270,70.778
3271,3271,78.9
3272,3272,68.868
3273,3273,69.13
3274,3274,68.751
3275,3275,70.956
3276,3276,72.297
3277,3277,70.748
3278,3278,69.981
3279,3279,69.893
3280,3280,70.364
3281,3281,68.605
3282,3282,67.418
3283,3283,66.384
3284,3284,65.586
3285,3285,67.187
3286,3286,65.899
3287,3287,64.567
3288,3288,64.117
3289,3289,63.585
3290,3290,61.589
3291,3291,61.04
3292,3292,68.402
3293,3293,58.228
3294,3294,57.164
3295,3295,55.665
3296,3296,59.221
3297,3297,54.314
3298,3298,67.706
3299,3299,70.475
3300,3300,71.077
3301,3301,70.415
3302,3302,73.148
3303,3303,73.763
3304,3304,72.078
3305,3305,71.926
3306,3306,71.774
3307,3307,72.139
3308,3308,73.271
3309,3309,71.713
3310,3310,70.927
3311,3311,73.886
3312,3312,71.41
3313,3313,72.322
3314,3314,73.794
3315,3315,72.872
3316,3316,83.305
3317,3317,71.38
3318,3318,72.78
3319,3319,72.841
3320,3320,72.505
3321,3321,71.562
3322,3322,71.835
3323,3323,72.078
3324,3324,70.535
3325,3325,70.174
3326,3326,70.024
3327,3327,69.635
3328,3328,72.979
3329,3329,71.138
3330,3330,68.15
3331,3331,67.062
3332,3332,67.649
3333,3333,67.208
3334,3334,66.565
3335,3335,74.94
3336,3336,71.683
3337,3337,67.737
3338,3338,65.78
3339,3339,66.74
3340,3340,64.769
3341,3341,65.432
3342,3342,65.201
3343,3343,65.49
3344,3344,65.057
3345,3345,66.215
3346,3346,66.041
3347,3347,64.253
3348,3348,63.824
3349,3349,65.635
3350,3350,64.539
3351,3351,63.681
3352,3352,62.518
3353,3353,64.195
3354,3354,62.857
3355,3355,62.687
3356,3356,62.067
3357,3357,68.653
3358,3358,62.151
3359,3359,68.18
3360,3360,60.696
3361,3361,63.55633333333333
3362,3362,66.41666666666667
3363,3363,69.277
3364,3364,70.415
3365,3365,69.695
3366,3366,71.319
3367,3367,70.73
3368,3368,69.397
3369,3369,69.695
3370,3370,69.069
3371,3371,68.327
3372,3372,67.355
3373,3373,67.033
3374,3374,65.259
3375,3375,66.303
3376,3376,64.683
3377,3377,66.157
3378,3378,66.012
3379,3379,76.064
3380,3380,66.623
3381,3381,64.884
3382,3382,65.288
3383,3383,66.332
3384,3384,66.769
3385,3385,73.979
3386,3386,66.945
3387,3387,66.477
3388,3388,65.954
3389,3389,67.649
3390,3390,66.74
3391,3391,66.041
3392,3392,64.884
3393,3393,64.339
3394,3394,63.995
3395,3395,64.712
3396,3396,76.819
3397,3397,65.722
3398,3398,64.597
3399,3399,65.057
3400,3400,65.23
3401,3401,64.195
3402,3402,65.78
3403,3403,64.31
3404,3404,64.482
3405,3405,64.138
3406,3406,65.519
3407,3407,64.281
3408,3408,65.172
3409,3409,66.565
3410,3410,65.809
3411,3411,76.001
3412,3412,64.253
3413,3413,65.346
3414,3414,71.805
3415,3415,72.811
3416,3416,64.425
3417,3417,63.681
3418,3418,75.376
3419,3419,61.926
3420,3420,61.954
3421,3421,62.095
3422,3422,62.039
3423,3423,62.095
3424,3424,59.781
3425,3425,70.836
3426,3426,66.536
3427,3427,59.616
3428,3428,60.919
3429,3429,61.114
3430,3430,62.574
3431,3431,64.827
3432,3432,61.87
3433,3433,62.208
3434,3434,70.475
3435,3435,61.73
3436,3436,59.368
3437,3437,59.671
3438,3438,68.505
3439,3439,59.176
3440,3440,58.382
3441,3441,58.6
3442,3442,54.94
3443,3443,57.16
3444,3444,58.0
3445,3445,58.491
3446,3446,67.633
3447,3447,67.832
3448,3448,68.385
3449,3449,75.269
3450,3450,67.6935
3451,3451,67.954
3452,3452,69.219
3453,3453,69.374
3454,3454,69.684
3455,3455,86.93
3456,3456,86.3
3457,3457,85.952
3458,3458,86.021
3459,3459,83.533
3460,3460,81.152
3461,3461,79.408
3462,3462,80.513
3463,3463,80.177
3464,3464,77.751
3465,3465,79.675
3466,3466,75.561
3467,3467,82.1
3468,3468,71.531
3469,3469,72.036
3470,3470,70.152
3471,3471,67.372
3472,3472,71.248
3473,3473,66.641
3474,3474,74.43
3475,3475,71.657
3476,3476,73.276
3477,3477,73.308
3478,3478,69.965
3479,3479,71.942
3480,3480,70.401
3481,3481,71.91
3482,3482,73.148
3483,3483,71.594
3484,3484,72.83
3485,3485,70.433
3486,3486,68.385
3487,3487,67.067
3488,3488,68.2515
3489,3489,69.436
3490,3490,69.219
3491,3491,69.622
3492,3492,69.095
3493,3493,66.398
3494,3494,71.468
3495,3495,71.2325
3496,3496,70.997
3497,3497,70.62
3498,3498,76.996
3499,3499,78.412
3500,3500,78.18
3501,3501,68.909
3502,3502,68.693
3503,3503,70.464
3504,3504,76.734
3505,3505,71.563
3506,3506,72.925
3507,3507,76.93
3508,3508,79.309
3509,3509,73.499
3510,3510,72.775
3511,3511,71.24
3512,3512,67.389
3513,3513,69.15
3514,3514,67.686
3515,3515,72.528
3516,3516,74.016
3517,3517,74.016
3518,3518,71.729
3519,3519,71.821
3520,3520,71.913
3521,3521,70.691
3522,3522,71.24
3523,3523,71.637
3524,3524,69.03
3525,3525,68.909
3526,3526,68.162
3527,3527,68.371
3528,3528,74.422
3529,3529,72.159
3530,3530,71.24
3531,3531,71.484
3532,3532,73.301
3533,3533,74.766
3534,3534,71.668
3535,3535,74.203
3536,3536,77.648
3537,3537,76.342
3538,3538,78.483
3539,3539,72.798
3540,3540,69.368
3541,3541,69.592
3542,3542,70.313
3543,3543,68.632
3544,3544,69.435
3545,3545,69.033
3546,3546,72.092
3547,3547,71.678
3548,3548,69.952
3549,3549,69.794
3550,3550,71.175
3551,3551,74.348
3552,3552,79.485
3553,3553,74.844
3554,3554,66.971
3555,3555,63.253
3556,3556,70.409
3557,3557,77.526
3558,3558,77.316
3559,3559,78.459
3560,3560,79.293
3561,3561,78.007
3562,3562,83.258
3563,3563,82.228
3564,3564,78.701
3565,3565,78.55
3566,3566,74.093
3567,3567,72.18
3568,3568,69.985
3569,3569,68.692
3570,3570,65.002
3571,3571,57.042
3572,3572,60.222
3573,3573,67.468
3574,3574,73.859
3575,3575,73.918
3576,3576,79.004
3577,3577,91.349
3578,3578,94.366
3579,3579,94.536
3580,3580,99.992
3581,3581,106.053
3582,3582,114.035
3583,3583,114.805
3584,3584,113.078
3585,3585,107.153
3586,3586,106.602
3587,3587,105.76
3588,3588,103.154
3589,3589,99.711
3590,3590,92.048
3591,3591,88.199
3592,3592,86.746
3593,3593,87.003
3594,3594,84.484
3595,3595,82.073
3596,3596,83.226
3597,3597,80.837
3598,3598,94.096
3599,3599,97.067
3600,3600,91.781
3601,3601,92.314
3602,3602,87.94
3603,3603,91.25
3604,3604,89.798
3605,3605,87.778
3606,3606,83.195
3607,3607,84.169
3608,3608,86.522
3609,3609,90.39
3610,3610,84.516
3611,3611,84.674
3612,3612,79.49
3613,3613,78.822
3614,3614,83.235
3615,3615,87.648
3616,3616,86.875
3617,3617,84.484
3618,3618,84.69
3619,3619,79.004
3620,3620,80.622
3621,3621,80.193
3622,3622,85.882
3623,3623,91.051
3624,3624,88.037
3625,3625,79.673
3626,3626,81.361
3627,3627,83.039
3628,3628,73.539
3629,3629,68.552
3630,3630,68.217
3631,3631,77.466
3632,3632,77.947
3633,3633,78.641
3634,3634,78.429
3635,3635,74.649
3636,3636,72.324
3637,3637,67.108
3638,3638,67.385
3639,3639,67.246
3640,3640,66.475
3641,3641,70.211
3642,3642,66.971
3643,3643,66.475
3644,3644,64.975
3645,3645,57.245
3646,3646,55.113
3647,3647,62.005
3648,3648,71.063
3649,3649,68.748
3650,3650,67.081
3651,3651,68.58
3652,3652,67.44
3653,3653,64.813
3654,3654,68.468
3655,3655,66.668
3656,3656,64.488
3657,3657,62.747
3658,3658,61.11
3659,3659,60.222
3660,3660,59.47
3661,3661,62.455
3662,3662,66.174
3663,3663,71.6555
3664,3664,77.137
3665,3665,66.297
3666,3666,62.468
3667,3667,60.509
3668,3668,59.988
3669,3669,87.519
3670,3670,81.732
3671,3671,85.978
3672,3672,83.41133333333333
3673,3673,80.84466666666667
3674,3674,78.278
3675,3675,81.334
3676,3676,84.39
3677,3677,71.363
3678,3678,69.02
3679,3679,65.549
3680,3680,67.809
3681,3681,69.376
3682,3682,68.64
3683,3683,65.893
3684,3684,68.161
3685,3685,64.838
3686,3686,71.821
3687,3687,65.893
3688,3688,68.792
3689,3689,63.915
3690,3690,67.058
3691,3691,65.573
3692,3692,63.143
3693,3693,67.884
3694,3694,56.495
3695,3695,70.656
3696,3696,69.758
3697,3697,69.071
3698,3698,65.647
3699,3699,64.522
3700,3700,64.936
3701,3701,60.290000000000006
3702,3702,55.644
3703,3703,60.839
3704,3704,60.3
3705,3705,56.855
3706,3706,56.4615
3707,3707,56.068
3708,3708,62.975
3709,3709,66.735
3710,3710,61.546
3711,3711,57.945
3712,3712,56.855
3713,3713,57.489
3714,3714,57.876
3715,3715,59.046
3716,3716,56.315
3717,3717,61.949
3718,3718,58.678
3719,3719,62.903
3720,3720,60.16
3721,3721,60.534
3722,3722,62.401
3723,3723,63.095
3724,3724,64.643
3725,3725,79.499
3726,3726,77.213
3727,3727,63.586
3728,3728,64.209
3729,3729,71.909
3730,3730,74.177
3731,3731,73.796
3732,3732,73.877
3733,3733,74.068
3734,3734,71.6815
3735,3735,70.95
3736,3736,73.47
3737,3737,68.459
3738,3738,67.246
3739,3739,65.919
3740,3740,62.451
3741,3741,62.795
3742,3742,64.759
3743,3743,66.964
3744,3744,68.77
3745,3745,68.148
3746,3746,71.375
3747,3747,72.324
3748,3748,77.802
3749,3749,60.721
3750,3750,242.73
3751,3751,153.2225
3752,3752,162.02
3753,3753,235.53
3754,3754,241.93
3755,3755,84.599
3756,3756,84.067
3757,3757,78.309
3758,3758,78.054
3759,3759,74.164
3760,3760,71.744
3761,3761,75.157
3762,3762,65.172
3763,3763,67.238
3764,3764,54.596
3765,3765,53.231
3766,3766,54.887
3767,3767,53.649
3768,3768,83.57
3769,3769,78.277
3770,3770,81.99
3771,3771,79.911
3772,3772,83.835
3773,3773,88.722
3774,3774,81.566
3775,3775,80.137
3776,3776,83.669
3777,3777,69.367
3778,3778,67.267
3779,3779,71.41
3780,3780,69.875
3781,3781,97.796
3782,3782,114.152
3783,3783,82.712
3784,3784,169.192
3785,3785,115.036
3786,3786,110.554
3787,3787,99.093
3788,3788,183.887
3789,3789,224.728
3790,3790,91.984
3791,3791,95.418
3792,3792,159.359
3793,3793,150.432
3794,3794,100.474
3795,3795,100.078
3796,3796,112.797
3797,3797,223.928
3798,3798,227.391
3799,3799,227.08
3800,3800,234.454
3801,3801,230.144
3802,3802,231.405
3803,3803,169.969
3804,3804,200.642
3805,3805,179.068
3806,3806,213.747
3807,3807,239.971
3808,3808,206.630499999999
3809,3809,217.367
3810,3810,210.437
3811,3811,189.925
3812,3812,130.23000000000002
3813,3813,70.535
3814,3814,73.977
3815,3815,107.837
3816,3816,111.189
3817,3817,125.247
3818,3818,192.84
3819,3819,183.105
3820,3820,146.685
3821,3821,133.763
3822,3822,144.729
3823,3823,139.109
3824,3824,129.08
3825,3825,137.712
3826,3826,145.007
3827,3827,114.973
3828,3828,119.658
3829,3829,137.283
3830,3830,149.023
3831,3831,166.187
3832,3832,162.383
3833,3833,148.204
3834,3834,125.884
3835,3835,147.284
3836,3836,238.799
3837,3837,133.86
3838,3838,133.86
3839,3839,123.0665
3840,3840,112.273
3841,3841,108.231
3842,3842,99.167
3843,3843,96.372
3844,3844,117.762
3845,3845,167.54
3846,3846,146.334
3847,3847,147.213
3848,3848,163.2
3849,3849,179.867
3850,3850,166.028
3851,3851,187.51
3852,3852,137.118
3853,3853,173.185
3854,3854,198.223
3855,3855,207.013
3856,3856,184.416
3857,3857,169.874
3858,3858,156.704
3859,3859,172.526
3860,3860,126.096
3861,3861,130.6415
3862,3862,135.187
3863,3863,138.21
3864,3864,167.78
3865,3865,142.045
3866,3866,144.243
3867,3867,138.011
3868,3868,159.481
3869,3869,172.2995
3870,3870,185.427
3871,3871,143.605
3872,3872,153.918
3873,3873,135.317
3874,3874,148.4175
3875,3875,154.361
3876,3876,130.519
3877,3877,123.775
3878,3878,108.073
3879,3879,113.285
3880,3880,151.18
3881,3881,149.47
3882,3882,63.132
3883,3883,81.2419999999999
3884,3884,88.276
3885,3885,89.484
3886,3886,84.659
3887,3887,84.93
3888,3888,85.475
3889,3889,83.14
3890,3890,76.548
3891,3891,75.05
3892,3892,91.21
3893,3893,89.8235
3894,3894,88.437
3895,3895,85.168
3896,3896,95.593
3897,3897,89.799
3898,3898,95.411
3899,3899,98.608
3900,3900,97.498
3901,3901,102.44
3902,3902,113.92
3903,3903,112.301
3904,3904,120.25
3905,3905,115.348
3906,3906,111.859
3907,3907,107.73
3908,3908,102.63
3909,3909,114.042
3910,3910,101.266
3911,3911,89.554
3912,3912,87.708
3913,3913,86.914
3914,3914,83.645
3915,3915,100.344
3916,3916,87.951
3917,3917,87.086
3918,3918,82.504
3919,3919,80.118
3920,3920,80.184
3921,3921,79.527
3922,3922,77.803
3923,3923,78.809
3924,3924,79.462
3925,3925,77.706
3926,3926,78.581
3927,3927,73.976
3928,3928,76.292
3929,3929,77.064
3930,3930,77.836
3931,3931,80.48
3932,3932,83.174
3933,3933,84.76
3934,3934,91.352
3935,3935,88.332
3936,3936,92.455
3937,3937,96.543
3938,3938,105.083
3939,3939,93.261
3940,3940,81.439
3941,3941,80.381
3942,3942,81.372
3943,3943,74.512
3944,3944,76.084
3945,3945,75.081
3946,3946,72.652
3947,3947,70.223
3948,3948,73.286
3949,3949,75.462
3950,3950,79.005
3951,3951,77.512
3952,3952,92.169
3953,3953,116.376
3954,3954,138.0095
3955,3955,123.736
3956,3956,119.41
3957,3957,115.8
3958,3958,127.77
3959,3959,130.997
3960,3960,132.34
3961,3961,127.639
3962,3962,130.374
3963,3963,131.31
3964,3964,124.769
3965,3965,124.037
3966,3966,112.705
3967,3967,107.652
3968,3968,105.122
3969,3969,98.645
3970,3970,91.671
3971,3971,86.708
3972,3972,85.441
3973,3973,87.466
3974,3974,87.328
3975,3975,94.359
3976,3976,108.28
3977,3977,104.775
3978,3978,101.304
3979,3979,101.3225
3980,3980,101.341
3981,3981,104.159
3982,3982,108.398
3983,3983,108.832
3984,3984,113.271
3985,3985,115.512
3986,3986,116.046
3987,3987,109.822
3988,3988,108.793
3989,3989,100.626
3990,3990,92.669
3991,3991,91.174
3992,3992,90.785
3993,3993,108.832
3994,3994,101.417
3995,3995,101.341
3996,3996,106.324
3997,3997,115.882
3998,3998,129.753
3999,3999,128.649
4000,4000,130.419
4001,4001,132.609
4002,4002,128.605
4003,4003,129.62
4004,4004,130.686
4005,4005,125.807
4006,4006,125.115
4007,4007,124.64
4008,4008,120.926
4009,4009,122.496
4010,4010,115.513
4011,4011,112.14
4012,4012,111.017
4013,4013,102.478
4014,4014,111.457
4015,4015,112.382
4016,4016,106.752
4017,4017,95.047
4018,4018,96.469
4019,4019,97.572
4020,4020,98.386
4021,4021,100.739
4022,4022,103.699
4023,4023,105.78
4024,4024,96.543
4025,4025,98.943
4026,4026,99.763
4027,4027,100.513
4028,4028,109.267
4029,4029,106.324
4030,4030,110.698
4031,4031,114.735
4032,4032,121.56
4033,4033,122.837
4034,4034,120.545
4035,4035,121.561
4036,4036,112.745
4037,4037,116.17
4038,4038,122.667
4039,4039,122.795
4040,4040,135.143
4041,4041,120.672
4042,4042,120.672
4043,4043,109.188
4044,4044,108.241
4045,4045,107.025
4046,4046,104.929
4047,4047,98.163
4048,4048,99.689
4049,4049,98.275
4050,4050,103.661
4051,4051,109.862
4052,4052,106.869
4053,4053,116.577
4054,4054,126.285
4055,4055,137.433
4056,4056,144.178
4057,4057,147.683
4058,4058,149.238
4059,4059,150.756
4060,4060,151.593
4061,4061,147.78
4062,4062,137.525
4063,4063,129.355
4064,4064,107.054
4065,4065,103.9385
4066,4066,99.456
4067,4067,98.6955
4068,4068,89.901
4069,4069,84.736
4070,4070,84.8
4071,4071,82.444
4072,4072,88.542
4073,4073,95.291
4074,4074,99.528
4075,4075,114.52
4076,4076,118.939
4077,4077,128.507
4078,4078,142.649
4079,4079,155.886
4080,4080,139.897
4081,4081,136.522
4082,4082,135.381
4083,4083,151.188
4084,4084,151.378
4085,4085,132.515
4086,4086,124.462
4087,4087,115.928
4088,4088,108.889
4089,4089,105.535
4090,4090,97.307
4091,4091,103.446
4092,4092,105.609
4093,4093,105.646
4094,4094,102.647
4095,4095,102.141
4096,4096,103.519
4097,4097,102.937
4098,4098,103.592
4099,4099,105.461
4100,4100,110.402
4101,4101,122.493
4102,4102,130.5
4103,4103,136.566
4104,4104,141.065
4105,4105,144.704
4106,4106,151.14
4107,4107,156.371
4108,4108,151.71
4109,4109,143.971
4110,4110,156.371
4111,4111,147.943
4112,4112,143.058
4113,4113,130.671
4114,4114,119.74
4115,4115,115.653
4116,4116,101.026
4117,4117,94.362
4118,4118,92.013
4119,4119,90.334
4120,4120,92.758
4121,4121,91.474
4122,4122,91.608
4123,4123,89.369
4124,4124,91.507
4125,4125,87.099
4126,4126,88.641
4127,4127,89.104
4128,4128,91.575
4129,4129,99.102
4130,4130,99.563
4131,4131,101.564
4132,4132,126.244
4133,4133,121.76
4134,4134,125.994
4135,4135,132.429
4136,4136,127.12
4137,4137,125.828
4138,4138,121.03
4139,4139,128.803
4140,4140,122.045
4141,4141,117.983
4142,4142,111.547
4143,4143,117.467
4144,4144,100.382
4145,4145,96.261
4146,4146,91.86633333333332
4147,4147,87.47166666666665
4148,4148,83.077
4149,4149,83.14
4150,4150,84.864
4151,4151,85.67
4152,4152,87.852
4153,4153,86.968
4154,4154,95.654
4155,4155,95.291
4156,4156,104.03
4157,4157,104.652
4158,4158,109.04
4159,4159,113.975
4160,4160,140.975
4161,4161,127.204
4162,4162,120.828
4163,4163,136.038
4164,4164,146.595
4165,4165,141.742
4166,4166,140.975
4167,4167,136.302
4168,4168,118.261
4169,4169,113.858
4170,4170,109.455
4171,4171,94.843
4172,4172,87.819
4173,4173,84.255
4174,4174,82.887
4175,4175,80.75
4176,4176,78.954
4177,4177,74.745
4178,4178,72.999
4179,4179,81.281
4180,4180,81.219
4181,4181,79.138
4182,4182,87.786
4183,4183,81.814
4184,4184,79.108
4185,4185,90.601
4186,4186,91.912
4187,4187,91.507
4188,4188,92.52
4189,4189,87.655
4190,4190,86.871
4191,4191,86.318
4192,4192,88.246
4193,4193,95.879
4194,4194,95.949
4195,4195,97.938
4196,4196,111.088
4197,4197,104.983
4198,4198,95.983
4199,4199,90.702
4200,4200,85.283
4201,4201,78.432
4202,4202,77.06
4203,4203,78.677
4204,4204,79.756
4205,4205,87.164
4206,4206,96.539
4207,4207,112.237
4208,4208,100.203
4209,4209,101.313
4210,4210,97.307
4211,4211,97.973
4212,4212,92.995
4213,4213,110.554
4214,4214,101.062
4215,4215,115.457
4216,4216,117.983
4217,4217,107.689
4218,4218,106.98
4219,4219,105.277
4220,4220,104.213
4221,4221,106.274
4222,4222,116.046
4223,4223,136.61
4224,4224,145.118
4225,4225,134.116
4226,4226,124.132
4227,4227,120.183
4228,4228,113.2
4229,4229,110.517
4230,4230,112.468
4231,4231,110.288
4232,4232,113.239
4233,4233,110.897
4234,4234,120.304
4235,4235,122.534
4236,4236,115.849
4237,4237,112.045
4238,4238,114.286
4239,4239,114.715
4240,4240,116.676
4241,4241,114.014
4242,4242,114.597
4243,4243,123.228
4244,4244,132.17
4245,4245,136.61
4246,4246,132.041
4247,4247,140.93
4248,4248,140.031
4249,4249,142.604
4250,4250,153.093
4251,4251,146.41
4252,4252,140.615
4253,4253,128.549
4254,4254,121.801
4255,4255,110.023
4256,4256,99.954
4257,4257,98.325
4258,4258,102.611
4259,4259,101.925
4260,4260,96.713
4261,4261,94.396
4262,4262,94.74
4263,4263,92.047
4264,4264,88.575
4265,4265,93.234
4266,4266,87.589
4267,4267,89.203
4268,4268,96.574
4269,4269,96.679
4270,4270,98.96
4271,4271,100.418
4272,4272,100.596
4273,4273,97.027
4274,4274,95.706
4275,4275,96.47
4276,4276,98.4834999999999
4277,4277,99.421
4278,4278,98.713
4279,4279,103.228
4280,4280,102.792
4281,4281,96.818
4282,4282,99.847
4283,4283,99.705
4284,4284,99.705
4285,4285,103.446
4286,4286,100.882
4287,4287,98.607
4288,4288,98.008
4289,4289,94.774
4290,4290,85.508
4291,4291,86.871
4292,4292,101.529
4293,4293,90.201
4294,4294,90.1
4295,4295,90.134
4296,4296,86.026
4297,4297,79.787
4298,4298,81.532
4299,4299,80.47
4300,4300,81.72
4301,4301,84.064
4302,4302,87.132
4303,4303,88.18
4304,4304,96.539
4305,4305,99.954
4306,4306,108.175
4307,4307,113.162
4308,4308,109.947
4309,4309,108.889
4310,4310,108.965
4311,4311,104.909
4312,4312,105.83
4313,4313,108.626
4314,4314,111.738
4315,4315,115.3205
4316,4316,117.229
4317,4317,128.634
4318,4318,125.578
4319,4319,120.263
4320,4320,120.949
4321,4321,115.81
4322,4322,120.143
4323,4323,128.339
4324,4324,121.273
4325,4325,119.628
4326,4326,117.983
4327,4327,111.815
4328,4328,111.241
4329,4329,120.425
4330,4330,125.205
4331,4331,126.9195
4332,4332,128.634
4333,4333,143.651
4334,4334,94.8
4335,4335,96.93
4336,4336,97.71
4337,4337,90.09
4338,4338,90.74
4339,4339,89.84
4340,4340,89.12
4341,4341,93.68
4342,4342,92.7
4343,4343,92.61
4344,4344,84.13
4345,4345,72.44
4346,4346,92.02
4347,4347,92.22
4348,4348,90.88
4349,4349,89.21
4350,4350,88.49
4351,4351,88.48
4352,4352,88.05
4353,4353,87.69
4354,4354,86.08
4355,4355,85.81
4356,4356,87.08
4357,4357,86.62
4358,4358,86.74
4359,4359,86.93
4360,4360,88.34
4361,4361,88.11
4362,4362,88.02
4363,4363,88.44
4364,4364,89.31
4365,4365,88.4
4366,4366,87.98
4367,4367,87.46
4368,4368,86.59
4369,4369,84.97
4370,4370,84.875
4371,4371,85.31
4372,4372,84.84
4373,4373,85.19
4374,4374,85.49
4375,4375,86.46
4376,4376,85.3849999999999
4377,4377,84.475
4378,4378,84.17
4379,4379,84.01
4380,4380,83.85
4381,4381,84.515
4382,4382,86.74
4383,4383,85.29
4384,4384,84.865
4385,4385,84.93
4386,4386,85.68
4387,4387,85.96
4388,4388,84.45
4389,4389,84.2
4390,4390,76.67
4391,4391,84.055
4392,4392,82.47
4393,4393,68.115
4394,4394,62.9899999999999
4395,4395,56.61
4396,4396,50.86
4397,4397,68.39750000000001
4398,4398,85.935
4399,4399,86.96
4400,4400,87.98
4401,4401,87.85
4402,4402,87.68
4403,4403,88.96
4404,4404,88.78
4405,4405,88.18
4406,4406,88.01
4407,4407,88.15
4408,4408,87.99
4409,4409,88.215
4410,4410,83.3
4411,4411,83.85
4412,4412,84.93
4413,4413,83.45
4414,4414,83.33
4415,4415,82.87
4416,4416,83.8
4417,4417,88.67
4418,4418,95.45
4419,4419,98.69
4420,4420,100.69
4421,4421,98.29
4422,4422,95.9
4423,4423,96.04
4424,4424,94.07
4425,4425,91.225
4426,4426,89.17
4427,4427,90.99
4428,4428,88.455
4429,4429,88.54
4430,4430,87.94
4431,4431,84.91
4432,4432,87.29
4433,4433,84.16
4434,4434,85.81
4435,4435,86.2299999999999
4436,4436,84.72
4437,4437,72.18
4438,4438,59.64
4439,4439,79.05
4440,4440,69.4325
4441,4441,59.815
4442,4442,60.06
4443,4443,60.3
4444,4444,60.545
4445,4445,59.93
4446,4446,59.84
4447,4447,58.785
4448,4448,59.0199999999999
4449,4449,59.67
4450,4450,58.24
4451,4451,58.76
4452,4452,59.6449999999999
4453,4453,60.49
4454,4454,89.65
4455,4455,88.09
4456,4456,88.48
4457,4457,88.18
4458,4458,85.1
4459,4459,86.33
4460,4460,86.94
4461,4461,86.95
4462,4462,84.495
4463,4463,86.4
4464,4464,86.73
4465,4465,85.66
4466,4466,87.56
4467,4467,85.5
4468,4468,87.18
4469,4469,88.69
4470,4470,89.98
4471,4471,90.01
4472,4472,86.55
4473,4473,87.23
4474,4474,87.09
4475,4475,86.55
4476,4476,88.27
4477,4477,88.57
4478,4478,87.52
4479,4479,88.17
4480,4480,85.08
4481,4481,87.35
4482,4482,83.55
4483,4483,87.41
4484,4484,83.75
4485,4485,84.8549999999999
4486,4486,86.08
4487,4487,82.94
4488,4488,85.88
4489,4489,82.43
4490,4490,82.52
4491,4491,83.2
4492,4492,82.43
4493,4493,84.82
4494,4494,84.31
4495,4495,85.68
4496,4496,85.78
4497,4497,85.52
4498,4498,85.9
4499,4499,86.0
4500,4500,86.03
4501,4501,84.66
4502,4502,84.78
4503,4503,81.51
4504,4504,84.55
4505,4505,84.63
4506,4506,80.59
4507,4507,82.56
4508,4508,85.05
4509,4509,84.86
4510,4510,85.05
4511,4511,85.0
4512,4512,84.87
4513,4513,80.26
4514,4514,81.74
4515,4515,85.1349999999999
4516,4516,85.59
4517,4517,83.2
4518,4518,83.47
4519,4519,85.83
4520,4520,84.18
4521,4521,84.9
4522,4522,83.94
4523,4523,84.53
4524,4524,84.68
4525,4525,83.61
4526,4526,83.785
4527,4527,82.68
4528,4528,82.95
4529,4529,83.44
4530,4530,83.06
4531,4531,82.68
4532,4532,82.67
4533,4533,83.52
4534,4534,83.33666666666666
4535,4535,83.15333333333332
4536,4536,82.97
4537,4537,84.62
4538,4538,83.57
4539,4539,81.25
4540,4540,64.87
4541,4541,87.36
4542,4542,87.35
4543,4543,87.17
4544,4544,86.29
4545,4545,86.47
4546,4546,86.16
4547,4547,85.845
4548,4548,85.82
4549,4549,87.56
4550,4550,91.62
4551,4551,91.21
4552,4552,91.76
4553,4553,91.085
4554,4554,92.88
4555,4555,92.8249999999999
4556,4556,92.05
4557,4557,91.67
4558,4558,93.315
4559,4559,94.56
4560,4560,93.33
4561,4561,92.03
4562,4562,92.48
4563,4563,92.42
4564,4564,92.38
4565,4565,92.77
4566,4566,92.435
4567,4567,85.765
4568,4568,85.5749999999999
4569,4569,86.24
4570,4570,85.73
4571,4571,85.61
4572,4572,85.1349999999999
4573,4573,86.25
4574,4574,86.905
4575,4575,87.09
4576,4576,86.64
4577,4577,86.65
4578,4578,86.55
4579,4579,86.78
4580,4580,87.22
4581,4581,86.8549999999999
4582,4582,87.69
4583,4583,87.88
4584,4584,86.985
4585,4585,87.9799999999999
4586,4586,88.525
4587,4587,88.68
4588,4588,88.3
4589,4589,89.03
4590,4590,90.06
4591,4591,88.15
4592,4592,87.84
4593,4593,87.28
4594,4594,87.305
4595,4595,87.435
4596,4596,87.1
4597,4597,93.7
4598,4598,93.51
4599,4599,93.49
4600,4600,94.29
4601,4601,94.125
4602,4602,95.06
4603,4603,97.62
4604,4604,95.04
4605,4605,95.2
4606,4606,95.11
4607,4607,102.0
4608,4608,101.45
4609,4609,101.67
4610,4610,100.97
4611,4611,101.94
4612,4612,102.285
4613,4613,102.81
4614,4614,89.2
4615,4615,89.71
4616,4616,89.65
4617,4617,89.74
4618,4618,88.785
4619,4619,88.99
4620,4620,90.58
4621,4621,92.05
4622,4622,91.19
4623,4623,90.0
4624,4624,89.65
4625,4625,89.65
4626,4626,87.71
4627,4627,87.05
4628,4628,86.29
4629,4629,86.14
4630,4630,87.36
4631,4631,87.09333333333332
4632,4632,86.82666666666667
4633,4633,86.56
4634,4634,86.395
4635,4635,86.1349999999999
4636,4636,85.56
4637,4637,86.365
4638,4638,85.99875
4639,4639,85.6325
4640,4640,85.26625
4641,4641,84.9
4642,4642,84.5749999999999
4643,4643,83.6
4644,4644,82.78
4645,4645,81.88
4646,4646,81.87
4647,4647,84.03
4648,4648,84.14
4649,4649,85.46
4650,4650,85.19
4651,4651,84.78
4652,4652,84.95
4653,4653,83.48
4654,4654,83.4
4655,4655,83.3
4656,4656,83.58
4657,4657,83.44
4658,4658,83.025
4659,4659,82.52333333333333
4660,4660,82.02166666666666
4661,4661,81.52
4662,4662,81.78
4663,4663,81.17
4664,4664,82.67
4665,4665,82.28
4666,4666,78.99
4667,4667,79.91
4668,4668,79.31
4669,4669,79.24
4670,4670,78.31
4671,4671,78.45
4672,4672,78.24
4673,4673,77.66
4674,4674,76.3
4675,4675,99.99
4676,4676,82.95
4677,4677,76.05
4678,4678,79.25
4679,4679,136.26
4680,4680,76.58
4681,4681,124.24
4682,4682,160.34
4683,4683,75.62
4684,4684,75.46
4685,4685,75.54
4686,4686,74.63
4687,4687,73.375
4688,4688,72.57
4689,4689,70.84
4690,4690,67.86
4691,4691,70.07
4692,4692,72.22
4693,4693,72.11
4694,4694,69.79
4695,4695,68.67
4696,4696,68.39
4697,4697,68.49
4698,4698,67.88
4699,4699,68.04
4700,4700,67.6
4701,4701,69.59
4702,4702,70.04
4703,4703,70.71
4704,4704,69.91
4705,4705,69.56
4706,4706,69.02
4707,4707,69.49
4708,4708,68.97
4709,4709,70.16
4710,4710,68.18
4711,4711,67.55
4712,4712,67.02
4713,4713,66.89
4714,4714,67.125
4715,4715,71.695
4716,4716,71.71
4717,4717,73.305
4718,4718,70.36
4719,4719,68.66
4720,4720,67.57
4721,4721,67.4
4722,4722,88.17
4723,4723,87.17
4724,4724,86.93
4725,4725,83.82
4726,4726,85.0399999999999
4727,4727,73.91
4728,4728,86.735
4729,4729,85.685
4730,4730,85.38
4731,4731,87.765
4732,4732,83.96
4733,4733,81.795
4734,4734,83.13
4735,4735,84.5449999999999
4736,4736,80.56
4737,4737,84.37
4738,4738,86.27
4739,4739,83.685
4740,4740,80.18
4741,4741,80.88
4742,4742,77.18
4743,4743,80.63
4744,4744,82.47
4745,4745,82.57
4746,4746,84.13
4747,4747,86.52
4748,4748,86.4
4749,4749,88.85
4750,4750,89.96
4751,4751,87.54
4752,4752,86.31
4753,4753,85.15
4754,4754,85.49
4755,4755,85.19
4756,4756,86.21
4757,4757,86.67
4758,4758,87.67
4759,4759,85.03
4760,4760,85.99
4761,4761,87.65
4762,4762,87.5
4763,4763,85.74
4764,4764,56.04
4765,4765,61.685
4766,4766,87.94
4767,4767,86.95
4768,4768,87.39
4769,4769,83.55
4770,4770,83.66
4771,4771,85.18
4772,4772,86.94
4773,4773,86.6049999999999
4774,4774,88.45
4775,4775,86.605
4776,4776,84.76
4777,4777,84.85666666666667
4778,4778,84.95333333333333
4779,4779,85.05
4780,4780,84.84
4781,4781,84.58333333333333
4782,4782,84.32666666666667
4783,4783,84.07
4784,4784,85.13
4785,4785,86.19
4786,4786,87.25
4787,4787,86.48
4788,4788,87.15
4789,4789,85.97
4790,4790,86.23
4791,4791,86.57
4792,4792,88.72
4793,4793,88.03
4794,4794,89.65
4795,4795,88.85666666666667
4796,4796,88.06333333333333
4797,4797,87.27
4798,4798,91.68
4799,4799,92.03
4800,4800,91.315
4801,4801,80.1049999999999
4802,4802,87.52
4803,4803,91.88
4804,4804,91.19
4805,4805,90.83
4806,4806,86.935
4807,4807,90.38
4808,4808,86.89
4809,4809,88.585
4810,4810,87.99
4811,4811,87.76
4812,4812,87.56
4813,4813,86.75
4814,4814,87.12
4815,4815,87.0
4816,4816,88.05
4817,4817,89.145
4818,4818,92.22
4819,4819,85.11
4820,4820,89.295
4821,4821,89.58
4822,4822,89.205
4823,4823,86.07
4824,4824,87.73
4825,4825,86.11
4826,4826,87.5749999999999
4827,4827,89.06
4828,4828,89.04
4829,4829,88.54
4830,4830,88.32
4831,4831,87.23
4832,4832,87.46
4833,4833,87.32
4834,4834,87.56
4835,4835,87.69
4836,4836,87.19666666666666
4837,4837,86.70333333333333
4838,4838,86.21
4839,4839,86.25
4840,4840,88.02
4841,4841,86.05
4842,4842,85.755
4843,4843,87.14
4844,4844,85.05
4845,4845,85.005
4846,4846,85.15
4847,4847,86.1649999999999
4848,4848,82.03
4849,4849,84.73
4850,4850,87.34
4851,4851,89.44
4852,4852,91.79
4853,4853,87.55
4854,4854,91.6349999999999
4855,4855,76.2
4856,4856,87.32
4857,4857,85.74
4858,4858,65.47
4859,4859,86.785
4860,4860,81.42
4861,4861,84.1
4862,4862,85.3249999999999
4863,4863,83.96
4864,4864,82.87
4865,4865,84.7
4866,4866,85.16
4867,4867,85.24
4868,4868,85.0
4869,4869,85.3
4870,4870,85.5
4871,4871,85.76
4872,4872,85.71
4873,4873,85.655
4874,4874,85.33
4875,4875,85.89
4876,4876,85.78
4877,4877,86.32
4878,4878,80.525
4879,4879,79.79
4880,4880,79.5
4881,4881,79.57
4882,4882,78.3849999999999
4883,4883,78.47
4884,4884,78.89
4885,4885,81.14
4886,4886,82.33
4887,4887,82.515
4888,4888,77.795
4889,4889,79.0749999999999
4890,4890,82.76
4891,4891,82.15
4892,4892,82.57
4893,4893,82.8549999999999
4894,4894,82.43
4895,4895,82.27
4896,4896,82.3
4897,4897,79.97
4898,4898,77.765
4899,4899,78.5
4900,4900,79.235
4901,4901,79.97
4902,4902,82.99
4903,4903,81.38
4904,4904,80.98
4905,4905,83.91
4906,4906,86.36
4907,4907,83.62
4908,4908,85.08
4909,4909,85.18
4910,4910,84.28
4911,4911,82.6649999999999
4912,4912,85.99
4913,4913,83.28
4914,4914,86.69
4915,4915,82.25
4916,4916,76.67
4917,4917,71.11
4918,4918,84.05
4919,4919,83.32
4920,4920,81.08
4921,4921,84.13
4922,4922,83.05
4923,4923,83.63
4924,4924,82.29
4925,4925,81.85
4926,4926,82.83
4927,4927,81.58
4928,4928,80.64
4929,4929,79.155
4930,4930,86.85
4931,4931,68.08
4932,4932,66.11
4933,4933,65.44
4934,4934,56.1
4935,4935,54.08
4936,4936,50.66
4937,4937,59.7399999999999
4938,4938,60.61
4939,4939,54.7099999999999
4940,4940,58.85
4941,4941,57.565
4942,4942,57.22
4943,4943,61.73
4944,4944,55.59
4945,4945,55.415
4946,4946,56.4
4947,4947,59.475
4948,4948,52.9
4949,4949,57.665
4950,4950,60.205
4951,4951,56.36
4952,4952,58.3
4953,4953,61.05
4954,4954,55.135
4955,4955,55.708333333333336
4956,4956,56.281666666666666
4957,4957,56.855
4958,4958,57.47
4959,4959,59.5125
4960,4960,61.555
4961,4961,53.89
4962,4962,55.30666666666667
4963,4963,56.723333333333336
4964,4964,58.14
4965,4965,54.57
4966,4966,62.26
4967,4967,60.84
4968,4968,61.51
4969,4969,58.15
4970,4970,57.835
4971,4971,57.665
4972,4972,59.46
4973,4973,55.94
4974,4974,56.9
4975,4975,58.33
4976,4976,55.525
4977,4977,55.86
4978,4978,58.175
4979,4979,52.6
4980,4980,55.91
4981,4981,59.35
4982,4982,59.845
4983,4983,55.65
4984,4984,59.88
4985,4985,60.4
4986,4986,62.765
4987,4987,64.17
4988,4988,64.7899999999999
4989,4989,64.1649999999999
4990,4990,63.57
4991,4991,66.64
4992,4992,63.0
4993,4993,57.46
4994,4994,51.92
4995,4995,92.33
4996,4996,116.31
4997,4997,121.095
4998,4998,118.83
4999,4999,116.565
5000,5000,118.6275
5001,5001,120.69
5002,5002,96.46
5003,5003,99.16
5004,5004,100.48
5005,5005,99.12
5006,5006,97.41
5007,5007,95.97
5008,5008,95.12
5009,5009,93.34
5010,5010,91.81
5011,5011,93.175
5012,5012,90.26
5013,5013,90.68
5014,5014,87.53
5015,5015,88.85
5016,5016,88.79
5017,5017,90.32
5018,5018,97.25
5019,5019,99.6
5020,5020,100.48
5021,5021,99.48
5022,5022,79.5749999999999
5023,5023,102.43
5024,5024,101.54
5025,5025,100.65
5026,5026,99.76
5027,5027,98.87
5028,5028,100.215
5029,5029,124.71
5030,5030,97.44
5031,5031,96.01333333333332
5032,5032,94.58666666666666
5033,5033,93.16
5034,5034,95.33
5035,5035,94.49
5036,5036,92.81
5037,5037,90.97
5038,5038,77.42333333333333
5039,5039,63.876666666666665
5040,5040,50.33
5041,5041,91.7
5042,5042,92.81
5043,5043,109.66
5044,5044,93.69
5045,5045,116.3
5046,5046,103.55
5047,5047,90.8
5048,5048,196.495
5049,5049,107.06
5050,5050,188.9
5051,5051,96.37
5052,5052,145.61
5053,5053,194.85
5054,5054,100.31
5055,5055,101.1
5056,5056,99.955
5057,5057,96.72
5058,5058,101.555
5059,5059,54.11
5060,5060,60.32
5061,5061,52.87
5062,5062,53.1
5063,5063,96.3
5064,5064,97.78
5065,5065,99.81
5066,5066,100.25
5067,5067,99.9
5068,5068,99.14
5069,5069,96.2
5070,5070,94.38
5071,5071,93.23
5072,5072,91.89
5073,5073,91.735
5074,5074,92.89
5075,5075,94.97
5076,5076,147.855
5077,5077,91.76
5078,5078,92.725
5079,5079,104.37
5080,5080,94.59
5081,5081,90.1649999999999
5082,5082,94.44
5083,5083,94.63
5084,5084,94.89
5085,5085,94.47
5086,5086,92.955
5087,5087,94.03
5088,5088,94.78
5089,5089,75.96
5090,5090,88.405
5091,5091,88.75
5092,5092,90.75
5093,5093,89.43
5094,5094,91.775
5095,5095,89.83
5096,5096,93.145
5097,5097,97.35
5098,5098,98.52
5099,5099,97.31
5100,5100,99.86
5101,5101,98.88
5102,5102,95.035
5103,5103,94.21
5104,5104,92.8
5105,5105,93.72
5106,5106,90.93
5107,5107,91.71
5108,5108,89.28
5109,5109,87.93
5110,5110,91.735
5111,5111,83.555
5112,5112,83.62
5113,5113,86.33
5114,5114,90.86
5115,5115,90.16
5116,5116,90.25
5117,5117,91.03
5118,5118,93.38
5119,5119,93.49
5120,5120,91.31
5121,5121,88.245
5122,5122,89.35
5123,5123,88.62
5124,5124,89.63
5125,5125,87.97
5126,5126,79.11
5127,5127,87.64
5128,5128,86.91
5129,5129,86.44
5130,5130,84.53
5131,5131,86.17
5132,5132,86.96
5133,5133,86.05
5134,5134,86.37
5135,5135,88.18
5136,5136,94.95
5137,5137,90.68
5138,5138,90.84
5139,5139,90.69
5140,5140,95.58
5141,5141,102.414999999999
5142,5142,107.305
5143,5143,108.65
5144,5144,110.745
5145,5145,111.03
5146,5146,111.95
5147,5147,106.515
5148,5148,100.92
5149,5149,96.94
5150,5150,91.38
5151,5151,89.98
5152,5152,88.22
5153,5153,89.67
5154,5154,89.8
5155,5155,89.45
5156,5156,127.28
5157,5157,138.08
5158,5158,135.415
5159,5159,146.41
5160,5160,158.98
5161,5161,154.985
5162,5162,185.12
5163,5163,200.84
5164,5164,187.43
5165,5165,170.63
5166,5166,141.72
5167,5167,137.70999999999998
5168,5168,133.7
5169,5169,126.7
5170,5170,129.66
5171,5171,125.92
5172,5172,123.58
5173,5173,108.56
5174,5174,103.384999999999
5175,5175,110.96
5176,5176,110.695
5177,5177,120.12
5178,5178,130.39
5179,5179,129.4
5180,5180,114.23
5181,5181,148.47
5182,5182,154.24
5183,5183,152.39
5184,5184,151.87
5185,5185,151.29
5186,5186,143.93
5187,5187,132.09
5188,5188,123.175
5189,5189,126.81
5190,5190,137.71
5191,5191,126.695
5192,5192,125.71
5193,5193,127.49
5194,5194,126.52
5195,5195,118.74
5196,5196,122.58
5197,5197,114.88
5198,5198,118.414999999999
5199,5199,122.015
5200,5200,126.16
5201,5201,130.87
5202,5202,133.37
5203,5203,126.68
5204,5204,123.03
5205,5205,121.3
5206,5206,121.42
5207,5207,122.25
5208,5208,125.09
5209,5209,127.93
5210,5210,125.3
5211,5211,125.29
5212,5212,120.68
5213,5213,124.68
5214,5214,119.75
5215,5215,122.78
5216,5216,120.995
5217,5217,120.84
5218,5218,116.8
5219,5219,121.07
5220,5220,118.634999999999
5221,5221,116.25
5222,5222,117.83
5223,5223,184.555
5224,5224,113.49
5225,5225,113.384999999999
5226,5226,111.87
5227,5227,111.44
5228,5228,105.81
5229,5229,104.28
5230,5230,104.38
5231,5231,104.93
5232,5232,105.555
5233,5233,103.82
5234,5234,103.2
5235,5235,100.025
5236,5236,96.09
5237,5237,234.9
5238,5238,97.97
5239,5239,98.99
5240,5240,96.27
5241,5241,94.12
5242,5242,95.7
5243,5243,99.03
5244,5244,105.69
5245,5245,116.71
5246,5246,124.2
5247,5247,126.26
5248,5248,119.914999999999
5249,5249,123.69
5250,5250,119.76
5251,5251,117.085
5252,5252,114.26
5253,5253,114.35
5254,5254,110.17
5255,5255,106.65
5256,5256,105.02
5257,5257,100.33
5258,5258,101.08
5259,5259,98.49
5260,5260,99.985
5261,5261,103.26
5262,5262,109.88
5263,5263,116.095
5264,5264,115.75
5265,5265,114.59
5266,5266,110.86
5267,5267,110.27
5268,5268,118.93
5269,5269,108.56
5270,5270,132.01
5271,5271,134.01
5272,5272,131.31
5273,5273,63.93
5274,5274,64.93
5275,5275,122.54
5276,5276,123.51
5277,5277,124.5
5278,5278,125.22
5279,5279,127.53
5280,5280,127.19
5281,5281,126.895
5282,5282,126.6
5283,5283,125.75
5284,5284,117.69
5285,5285,110.13
5286,5286,112.81
5287,5287,116.83833333333332
5288,5288,120.86666666666667
5289,5289,124.895
5290,5290,128.315
5291,5291,127.33
5292,5292,126.64
5293,5293,129.18
5294,5294,125.2
5295,5295,128.96
5296,5296,128.905
5297,5297,121.51
5298,5298,116.98
5299,5299,117.3
5300,5300,114.45
5301,5301,112.32
5302,5302,107.02
5303,5303,104.66
5304,5304,97.95
5305,5305,87.05
5306,5306,90.08
5307,5307,97.9149999999999
5308,5308,87.99
5309,5309,95.105
5310,5310,92.65
5311,5311,91.38
5312,5312,92.5399999999999
5313,5313,79.565
5314,5314,64.21
5315,5315,96.47
5316,5316,95.89
5317,5317,89.08
5318,5318,96.49
5319,5319,83.64
5320,5320,80.215
5321,5321,91.47
5322,5322,83.21
5323,5323,92.25
5324,5324,95.16
5325,5325,95.5449999999999
5326,5326,94.46
5327,5327,94.34
5328,5328,94.79
5329,5329,96.705
5330,5330,60.01
5331,5331,95.79
5332,5332,93.035
5333,5333,95.09
5334,5334,98.88
5335,5335,99.79
5336,5336,103.72
5337,5337,85.765
5338,5338,112.824999999999
5339,5339,120.89
5340,5340,128.88
5341,5341,123.52
5342,5342,123.9
5343,5343,126.414999999999
5344,5344,121.65
5345,5345,116.67
5346,5346,116.0
5347,5347,116.104999999999
5348,5348,109.37
5349,5349,104.09
5350,5350,98.59
5351,5351,98.85
5352,5352,101.08
5353,5353,100.505
5354,5354,99.66
5355,5355,99.065
5356,5356,99.54
5357,5357,101.555
5358,5358,102.84
5359,5359,99.21
5360,5360,101.74
5361,5361,102.39
5362,5362,67.17
5363,5363,105.664999999999
5364,5364,107.08
5365,5365,100.875
5366,5366,69.84
5367,5367,97.16
5368,5368,96.67
5369,5369,98.02
5370,5370,95.54
5371,5371,93.14
5372,5372,89.93
5373,5373,90.38
5374,5374,90.765
5375,5375,90.88
5376,5376,92.91
5377,5377,93.8
5378,5378,63.845
5379,5379,95.98
5380,5380,98.08
5381,5381,101.11
5382,5382,108.07
5383,5383,113.625
5384,5384,78.18
5385,5385,95.485
5386,5386,106.46
5387,5387,128.6
5388,5388,81.02
5389,5389,118.24
5390,5390,114.7
5391,5391,107.25
5392,5392,109.16
5393,5393,108.13
5394,5394,108.61
5395,5395,69.16
5396,5396,67.71
5397,5397,70.79
5398,5398,110.89
5399,5399,115.645
5400,5400,114.24
5401,5401,116.86
5402,5402,115.91
5403,5403,115.78
5404,5404,119.71
5405,5405,124.185
5406,5406,125.22
5407,5407,122.65
5408,5408,116.74
5409,5409,121.97
5410,5410,119.97
5411,5411,131.43
5412,5412,121.24
5413,5413,123.81
5414,5414,123.1
5415,5415,125.02
5416,5416,126.94
5417,5417,128.06
5418,5418,122.52
5419,5419,120.99
5420,5420,121.11
5421,5421,124.07
5422,5422,129.39
5423,5423,130.67
5424,5424,132.33
5425,5425,86.95
5426,5426,82.8849999999999
5427,5427,130.32
5428,5428,121.9
5429,5429,117.39
5430,5430,67.61
5431,5431,104.75
5432,5432,99.46
5433,5433,94.29
5434,5434,92.32
5435,5435,93.54
5436,5436,98.14
5437,5437,103.99
5438,5438,111.36
5439,5439,71.2
5440,5440,109.18
5441,5441,121.12
5442,5442,127.67
5443,5443,131.48
5444,5444,138.415
5445,5445,136.52
5446,5446,113.75
5447,5447,146.48
5448,5448,153.64
5449,5449,160.8
5450,5450,160.72
5451,5451,153.68
5452,5452,96.76
5453,5453,85.61
5454,5454,143.09
5455,5455,132.954999999999
5456,5456,135.11
5457,5457,81.1049999999999
5458,5458,74.715
5459,5459,96.58
5460,5460,118.445
5461,5461,116.89
5462,5462,148.334999999999
5463,5463,139.71
5464,5464,111.86
5465,5465,97.4799999999999
5466,5466,98.43
5467,5467,99.16
5468,5468,85.84
5469,5469,100.39
5470,5470,100.04
5471,5471,100.84
5472,5472,104.22
5473,5473,91.85
5474,5474,124.81
5475,5475,117.09
5476,5476,103.84
5477,5477,125.59
5478,5478,123.81
5479,5479,123.56
5480,5480,127.95
5481,5481,120.324999999999
5482,5482,113.63
5483,5483,106.66
5484,5484,108.21
5485,5485,105.875
5486,5486,104.12
5487,5487,100.06
5488,5488,97.45
5489,5489,98.83
5490,5490,99.195
5491,5491,98.515
5492,5492,97.23
5493,5493,92.91
5494,5494,95.34
5495,5495,96.975
5496,5496,103.95
5497,5497,106.955
5498,5498,109.28
5499,5499,107.675
5500,5500,106.07
5501,5501,110.025
5502,5502,124.805
5503,5503,128.98
5504,5504,132.3
5505,5505,127.34
5506,5506,121.32
5507,5507,124.9
5508,5508,112.755
5509,5509,114.445
5510,5510,119.08
5511,5511,117.245
5512,5512,105.735
5513,5513,101.854999999999
5514,5514,97.51
5515,5515,100.57
5516,5516,95.11
5517,5517,94.81
5518,5518,91.89
5519,5519,86.595
5520,5520,96.4
5521,5521,92.39
5522,5522,99.755
5523,5523,101.08
5524,5524,104.48
5525,5525,104.76
5526,5526,116.51
5527,5527,118.81
5528,5528,116.92
5529,5529,115.96
5530,5530,114.6
5531,5531,119.085
5532,5532,111.58
5533,5533,119.095
5534,5534,112.86
5535,5535,102.93
5536,5536,104.47
5537,5537,100.96
5538,5538,97.76
5539,5539,96.46
5540,5540,96.48
5541,5541,99.33
5542,5542,105.645
5543,5543,105.4
5544,5544,108.43
5545,5545,109.7
5546,5546,114.86
5547,5547,123.46
5548,5548,127.355
5549,5549,126.15
5550,5550,128.72
5551,5551,139.29
5552,5552,133.0
5553,5553,132.82
5554,5554,135.76
5555,5555,134.34
5556,5556,129.5
5557,5557,128.44
5558,5558,124.52
5559,5559,118.46
5560,5560,108.37
5561,5561,109.64
5562,5562,108.01
5563,5563,110.38
5564,5564,101.16
5565,5565,103.73
5566,5566,100.39
5567,5567,97.59
5568,5568,104.09
5569,5569,101.574999999999
5570,5570,103.505
5571,5571,104.95
5572,5572,107.3
5573,5573,110.84
5574,5574,116.24
5575,5575,129.07
5576,5576,128.96
5577,5577,134.11
5578,5578,129.435
5579,5579,131.4
5580,5580,129.085
5581,5581,123.17
5582,5582,122.945
5583,5583,123.2775
5584,5584,123.61
5585,5585,120.56
5586,5586,122.42
5587,5587,116.685
5588,5588,115.67
5589,5589,115.52
5590,5590,114.56
5591,5591,104.19
5592,5592,108.1
5593,5593,109.71
5594,5594,98.79
5595,5595,97.12
5596,5596,99.92
5597,5597,97.595
5598,5598,98.24
5599,5599,81.775
5600,5600,93.65
5601,5601,94.09
5602,5602,98.36
5603,5603,98.155
5604,5604,100.65
5605,5605,106.01
5606,5606,110.15
5607,5607,112.52
5608,5608,118.12
5609,5609,117.79
5610,5610,119.205
5611,5611,115.44
5612,5612,112.9
5613,5613,110.49
5614,5614,110.98
5615,5615,110.9
5616,5616,114.57
5617,5617,108.78
5618,5618,109.87
5619,5619,107.185
5620,5620,106.16
5621,5621,104.98
5622,5622,104.835
5623,5623,100.655
5624,5624,106.18
5625,5625,108.0
5626,5626,110.32
5627,5627,111.19
5628,5628,118.96
5629,5629,126.27
5630,5630,126.53
5631,5631,126.51
5632,5632,133.79
5633,5633,132.18
5634,5634,136.695
5635,5635,136.88
5636,5636,144.23
5637,5637,136.83
5638,5638,133.38
5639,5639,125.11
5640,5640,119.074999999999
5641,5641,112.46
5642,5642,107.67
5643,5643,104.15
5644,5644,99.15
5645,5645,96.71
5646,5646,102.18
5647,5647,100.655
5648,5648,96.85
5649,5649,77.01
5650,5650,90.41
5651,5651,91.475
5652,5652,93.48
5653,5653,94.17
5654,5654,93.21
5655,5655,94.985
5656,5656,98.0
5657,5657,100.95
5658,5658,99.1
5659,5659,102.35
5660,5660,97.91
5661,5661,89.69
5662,5662,93.52
5663,5663,92.59
5664,5664,94.455
5665,5665,97.56
5666,5666,96.12
5667,5667,97.22
5668,5668,97.07
5669,5669,93.9
5670,5670,93.745
5671,5671,93.75
5672,5672,98.36
5673,5673,96.88
5674,5674,98.39
5675,5675,101.995
5676,5676,103.11
5677,5677,99.525
5678,5678,95.62
5679,5679,91.935
5680,5680,94.975
5681,5681,101.98
5682,5682,105.53
5683,5683,108.98
5684,5684,102.31
5685,5685,106.7
5686,5686,106.1
5687,5687,105.75
5688,5688,106.82
5689,5689,107.77
5690,5690,109.64
5691,5691,106.51
5692,5692,105.19
5693,5693,116.84
5694,5694,110.65
5695,5695,113.095
5696,5696,119.07
5697,5697,114.04
5698,5698,115.58
5699,5699,111.99
5700,5700,113.615
5701,5701,120.12
5702,5702,115.965
5703,5703,120.1
5704,5704,117.51
5705,5705,110.43
5706,5706,109.36
5707,5707,107.02
5708,5708,103.995
5709,5709,102.63
5710,5710,101.05
5711,5711,108.07
5712,5712,110.725
5713,5713,117.15
5714,5714,117.61
5715,5715,120.85
5716,5716,122.73
5717,5717,132.12
5718,5718,129.41
5719,5719,134.69
5720,5720,145.0
5721,5721,140.83
5722,5722,141.755
5723,5723,156.445
5724,5724,150.0
5725,5725,136.86
5726,5726,136.665
5727,5727,138.58
5728,5728,131.43
5729,5729,118.67
5730,5730,116.93
5731,5731,123.985
5732,5732,113.33
5733,5733,109.61
5734,5734,110.62
5735,5735,117.78
5736,5736,118.28
5737,5737,130.765
5738,5738,124.83
5739,5739,121.245
5740,5740,130.615
5741,5741,131.46
5742,5742,129.86
5743,5743,153.95
5744,5744,155.96
5745,5745,164.055
5746,5746,156.54
5747,5747,154.95
5748,5748,147.62
5749,5749,144.28
5750,5750,140.94
5751,5751,138.435
5752,5752,140.945
5753,5753,134.61
5754,5754,113.495
5755,5755,127.17
5756,5756,143.67
5757,5757,162.82
5758,5758,129.73
5759,5759,128.99
5760,5760,127.46
5761,5761,126.12
5762,5762,112.14
5763,5763,123.895
5764,5764,125.5225
5765,5765,127.15
5766,5766,127.85
5767,5767,131.09
5768,5768,130.56
5769,5769,133.19
5770,5770,132.17
5771,5771,128.57
5772,5772,131.49
5773,5773,132.015
5774,5774,127.01
5775,5775,125.805
5776,5776,126.45
5777,5777,123.65
5778,5778,124.14
5779,5779,124.88
5780,5780,123.74
5781,5781,126.885
5782,5782,130.03
5783,5783,135.56
5784,5784,142.78
5785,5785,139.19
5786,5786,142.13
5787,5787,141.14
5788,5788,144.235
5789,5789,147.55
5790,5790,148.215
5791,5791,150.25
5792,5792,147.72
5793,5793,149.92
5794,5794,142.265
5795,5795,134.35
5796,5796,131.8
5797,5797,131.43
5798,5798,127.8
5799,5799,126.05
5800,5800,141.46
5801,5801,128.46
5802,5802,124.88
5803,5803,123.5
5804,5804,125.36
5805,5805,127.24
5806,5806,129.18
5807,5807,126.52
5808,5808,119.735
5809,5809,117.52
5810,5810,115.54
5811,5811,114.29
5812,5812,113.21
5813,5813,112.18
5814,5814,112.98
5815,5815,112.815
5816,5816,112.65
5817,5817,113.41
5818,5818,115.74
5819,5819,120.28
5820,5820,125.06
5821,5821,127.13
5822,5822,130.065
5823,5823,130.88
5824,5824,129.755
5825,5825,126.03
5826,5826,130.11
5827,5827,132.72
5828,5828,128.58
5829,5829,127.02
5830,5830,122.71
5831,5831,130.19
5832,5832,126.88
5833,5833,126.82
5834,5834,132.16
5835,5835,131.47
5836,5836,126.66
5837,5837,124.93
5838,5838,128.69
5839,5839,128.18
5840,5840,134.44
5841,5841,136.35
5842,5842,142.79
5843,5843,148.49
5844,5844,150.05
5845,5845,145.12
5846,5846,146.28
5847,5847,142.12
5848,5848,150.485
5849,5849,154.23
5850,5850,155.6
5851,5851,151.35
5852,5852,153.99
5853,5853,153.04
5854,5854,165.96
5855,5855,173.65
5856,5856,178.87
5857,5857,175.94
5858,5858,174.17
5859,5859,187.15
5860,5860,176.61
5861,5861,166.14
5862,5862,158.91
5863,5863,157.54
5864,5864,154.175
5865,5865,158.61
5866,5866,160.545
5867,5867,167.875
5868,5868,170.954999999999
5869,5869,170.49
5870,5870,166.33
5871,5871,159.8
5872,5872,162.77
5873,5873,175.17
5874,5874,186.04
5875,5875,184.36
5876,5876,190.83
5877,5877,191.95
5878,5878,195.87
5879,5879,195.735
5880,5880,193.805
5881,5881,179.37
5882,5882,171.08
5883,5883,162.84
5884,5884,161.2
5885,5885,163.49
5886,5886,156.56
5887,5887,142.53
5888,5888,136.32
5889,5889,120.53
5890,5890,154.38
5891,5891,148.42
5892,5892,148.03
5893,5893,150.625
5894,5894,153.22
5895,5895,152.225
5896,5896,159.27
5897,5897,163.58
5898,5898,172.22
5899,5899,173.61
5900,5900,178.36
5901,5901,177.79
5902,5902,192.21
5903,5903,193.12
5904,5904,189.43
5905,5905,178.43
5906,5906,180.26
5907,5907,183.62
5908,5908,178.8
5909,5909,178.75
5910,5910,176.58
5911,5911,177.1
5912,5912,172.36
5913,5913,168.8
5914,5914,162.33
5915,5915,160.34
5916,5916,155.99
5917,5917,147.51
5918,5918,144.48
5919,5919,144.59
5920,5920,150.84
5921,5921,161.01
5922,5922,156.245
5923,5923,165.16
5924,5924,174.875
5925,5925,184.59
5926,5926,186.13
5927,5927,199.36
5928,5928,228.075
5929,5929,229.11
5930,5930,223.44
5931,5931,220.84
5932,5932,212.8
5933,5933,202.06
5934,5934,194.22
5935,5935,186.38
5936,5936,172.51
5937,5937,164.82
5938,5938,154.12
5939,5939,144.59
5940,5940,148.82
5941,5941,145.39
5942,5942,148.94
5943,5943,148.84
5944,5944,155.715
5945,5945,162.59
5946,5946,158.77
5947,5947,154.34
5948,5948,153.63
5949,5949,152.28
5950,5950,155.95
5951,5951,164.38
5952,5952,176.19
5953,5953,175.39
5954,5954,179.38
5955,5955,182.14
5956,5956,193.99
5957,5957,206.6
5958,5958,218.835
5959,5959,210.315
5960,5960,217.695
5961,5961,206.4
5962,5962,193.57
5963,5963,179.295
5964,5964,188.03
5965,5965,179.52
5966,5966,183.71
5967,5967,182.9
5968,5968,185.17
5969,5969,186.05
5970,5970,179.885
5971,5971,171.135
5972,5972,176.46
5973,5973,170.55
5974,5974,173.18
5975,5975,172.73
5976,5976,175.245
5977,5977,181.69
5978,5978,189.15
5979,5979,198.35
5980,5980,194.46
5981,5981,192.59
5982,5982,186.76
5983,5983,181.16
5984,5984,178.67
5985,5985,180.875
5986,5986,174.63
5987,5987,175.53
5988,5988,165.28
5989,5989,162.53
5990,5990,160.85
5991,5991,163.76
5992,5992,166.67
5993,5993,169.58
5994,5994,165.615
5995,5995,165.23
5996,5996,162.43
5997,5997,162.35
5998,5998,154.13
5999,5999,153.91
6000,6000,150.375
6001,6001,155.93
6002,6002,164.74
6003,6003,164.575
6004,6004,165.48
6005,6005,173.225
6006,6006,171.39
6007,6007,168.545
6008,6008,163.38
6009,6009,164.88
6010,6010,157.86
6011,6011,158.87
6012,6012,156.015
6013,6013,163.44
6014,6014,163.64
6015,6015,167.77999999999997
6016,6016,171.92
6017,6017,160.77
6018,6018,171.28
6019,6019,186.25
6020,6020,194.78
6021,6021,206.7
6022,6022,217.045
6023,6023,214.01
6024,6024,209.935
6025,6025,212.76
6026,6026,199.5
6027,6027,192.1
6028,6028,174.6
6029,6029,150.83
6030,6030,136.075
6031,6031,120.795
6032,6032,113.845
6033,6033,105.86
6034,6034,102.12
6035,6035,107.84
6036,6036,107.07
6037,6037,107.01
6038,6038,109.57
6039,6039,108.59
6040,6040,120.17
6041,6041,123.38
6042,6042,126.16
6043,6043,134.075
6044,6044,140.49
6045,6045,148.45
6046,6046,158.06
6047,6047,165.49
6048,6048,173.44
6049,6049,165.459999999999
6050,6050,156.97
6051,6051,156.23
6052,6052,147.665
6053,6053,144.67
6054,6054,144.75
6055,6055,141.36
6056,6056,136.644999999999
6057,6057,129.12
6058,6058,125.1
6059,6059,122.1
6060,6060,122.9
6061,6061,118.945
6062,6062,123.28
6063,6063,125.42
6064,6064,125.15
6065,6065,123.1
6066,6066,121.29
6067,6067,123.54
6068,6068,129.63
6069,6069,138.64
6070,6070,139.755
6071,6071,140.35
6072,6072,144.32
6073,6073,141.425
6074,6074,139.654999999999
6075,6075,131.305
6076,6076,131.15
6077,6077,139.625
6078,6078,141.11
6079,6079,139.97
6080,6080,144.85
6081,6081,148.204999999999
6082,6082,158.04
6083,6083,160.06
6084,6084,162.94
6085,6085,168.9
6086,6086,171.085
6087,6087,177.07
6088,6088,175.29
6089,6089,166.61
6090,6090,168.649999999999
6091,6091,169.04
6092,6092,169.44
6093,6093,158.87
6094,6094,151.37
6095,6095,149.66
6096,6096,143.46
6097,6097,138.615
6098,6098,135.81
6099,6099,137.67
6100,6100,144.35
6101,6101,151.42
6102,6102,152.87
6103,6103,165.235
6104,6104,182.5
6105,6105,192.215
6106,6106,201.97
6107,6107,188.795
6108,6108,188.37
6109,6109,178.265
6110,6110,170.16
6111,6111,162.88
6112,6112,142.66
6113,6113,136.095
6114,6114,138.68
6115,6115,138.005
6116,6116,133.595
6117,6117,139.82
6118,6118,129.72
6119,6119,134.85
6120,6120,132.64
6121,6121,131.23
6122,6122,136.93
6123,6123,166.7
6124,6124,145.22
6125,6125,161.69
6126,6126,159.43
6127,6127,179.84
6128,6128,180.97
6129,6129,188.57
6130,6130,217.51
6131,6131,218.95
6132,6132,230.85
6133,6133,231.87
6134,6134,233.01
6135,6135,222.12
6136,6136,209.34
6137,6137,191.47
6138,6138,170.12
6139,6139,149.39
6140,6140,144.595
6141,6141,139.8
6142,6142,143.6
6143,6143,144.63
6144,6144,149.91
6145,6145,158.69
6146,6146,161.25
6147,6147,60.91
6148,6148,61.31
6149,6149,150.09
6150,6150,156.37
6151,6151,163.09
6152,6152,166.64
6153,6153,172.36
6154,6154,173.51
6155,6155,176.29
6156,6156,181.06
6157,6157,178.55
6158,6158,185.03
6159,6159,185.21
6160,6160,180.41
6161,6161,180.12
6162,6162,128.44
6163,6163,186.73
6164,6164,180.79
6165,6165,182.96
6166,6166,185.0075
6167,6167,187.055
6168,6168,204.745
6169,6169,199.4825
6170,6170,194.22
6171,6171,190.63
6172,6172,186.71
6173,6173,174.87
6174,6174,162.21
6175,6175,89.85
6176,6176,77.45
6177,6177,130.71
6178,6178,88.29
6179,6179,139.41
6180,6180,134.47
6181,6181,144.94
6182,6182,138.425
6183,6183,133.74
6184,6184,149.26
6185,6185,133.68
6186,6186,130.73
6187,6187,129.7
6188,6188,126.78
6189,6189,133.77
6190,6190,125.37
6191,6191,129.5
6192,6192,138.68
6193,6193,146.57
6194,6194,151.01
6195,6195,152.4
6196,6196,152.38
6197,6197,155.27
6198,6198,162.95
6199,6199,153.44
6200,6200,135.62
6201,6201,131.55
6202,6202,127.48
6203,6203,126.84
6204,6204,126.37
6205,6205,133.74
6206,6206,134.29
6207,6207,132.78
6208,6208,125.49
6209,6209,121.29
6210,6210,127.29
6211,6211,132.87
6212,6212,144.11
6213,6213,155.02
6214,6214,147.29
6215,6215,150.935
6216,6216,156.15
6217,6217,150.43
6218,6218,153.165
6219,6219,148.875
6220,6220,158.78
6221,6221,163.225
6222,6222,169.644999999999
6223,6223,160.71
6224,6224,154.17
6225,6225,146.825
6226,6226,142.19
6227,6227,132.13
6228,6228,118.77
6229,6229,113.28
6230,6230,115.925
6231,6231,116.02
6232,6232,114.08
6233,6233,116.68
6234,6234,129.57
6235,6235,139.09
6236,6236,148.385
6237,6237,150.42
6238,6238,159.3
6239,6239,167.454999999999
6240,6240,168.9
6241,6241,175.81
6242,6242,175.53
6243,6243,169.48
6244,6244,163.18
6245,6245,155.54
6246,6246,148.46
6247,6247,140.105
6248,6248,133.83
6249,6249,131.81
6250,6250,127.15
6251,6251,122.134999999999
6252,6252,119.86
6253,6253,118.89
6254,6254,118.805
6255,6255,116.4
6256,6256,116.39
6257,6257,114.125
6258,6258,110.98
6259,6259,111.31
6260,6260,107.79
6261,6261,112.44
6262,6262,111.875
6263,6263,118.095
6264,6264,120.59
6265,6265,130.08
6266,6266,134.13
6267,6267,143.87
6268,6268,151.04
6269,6269,152.02
6270,6270,148.38
6271,6271,150.11
6272,6272,148.89
6273,6273,155.13
6274,6274,151.98333333333332
6275,6275,148.83666666666667
6276,6276,145.69
6277,6277,152.54
6278,6278,153.14
6279,6279,160.66
6280,6280,154.96
6281,6281,147.57
6282,6282,171.29
6283,6283,157.615
6284,6284,139.08
6285,6285,134.49
6286,6286,126.86
6287,6287,116.164999999999
6288,6288,116.05
6289,6289,114.2
6290,6290,114.73
6291,6291,115.59
6292,6292,119.75
6293,6293,128.81
6294,6294,129.07
6295,6295,130.16
6296,6296,131.62
6297,6297,143.68
6298,6298,145.55
6299,6299,145.6
6300,6300,144.08
6301,6301,140.65
6302,6302,144.855
6303,6303,122.615
6304,6304,130.41
6305,6305,126.56
6306,6306,122.63
6307,6307,118.36
6308,6308,117.95
6309,6309,114.75
6310,6310,112.48
6311,6311,116.52
6312,6312,111.76
6313,6313,108.92
6314,6314,108.16
6315,6315,106.35
6316,6316,113.6
6317,6317,114.625
6318,6318,115.65
6319,6319,120.47
6320,6320,117.65
6321,6321,119.43
6322,6322,121.965
6323,6323,99.93
6324,6324,99.93
6325,6325,98.77
6326,6326,101.725
6327,6327,99.16
6328,6328,100.63
6329,6329,104.03
6330,6330,110.24
6331,6331,115.95
6332,6332,123.24
6333,6333,129.135
6334,6334,126.585
6335,6335,124.6
6336,6336,128.255
6337,6337,129.38
6338,6338,130.2
6339,6339,124.17
6340,6340,121.15
6341,6341,71.26
6342,6342,104.26
6343,6343,96.91
6344,6344,94.49
6345,6345,95.07
6346,6346,98.11
6347,6347,99.41
6348,6348,101.78
6349,6349,106.07
6350,6350,109.59
6351,6351,111.93
6352,6352,110.02
6353,6353,112.5
6354,6354,111.035
6355,6355,107.51
6356,6356,108.85
6357,6357,108.1
6358,6358,103.57
6359,6359,104.69
6360,6360,103.27
6361,6361,99.145
6362,6362,103.265
6363,6363,106.09
6364,6364,108.61
6365,6365,108.24
6366,6366,114.005
6367,6367,119.07
6368,6368,119.09
6369,6369,119.195
6370,6370,120.08
6371,6371,117.854999999999
6372,6372,116.15
6373,6373,116.89
6374,6374,114.29
6375,6375,113.74
6376,6376,106.68
6377,6377,109.84
6378,6378,108.76
6379,6379,106.09
6380,6380,106.23
6381,6381,101.37
6382,6382,101.41
6383,6383,102.25
6384,6384,102.98
6385,6385,103.98
6386,6386,101.64
6387,6387,99.39
6388,6388,96.77
6389,6389,95.65
6390,6390,94.46
6391,6391,96.22
6392,6392,99.155
6393,6393,103.02
6394,6394,103.75
6395,6395,108.76
6396,6396,109.26
6397,6397,106.62
6398,6398,104.24
6399,6399,103.59
6400,6400,103.15
6401,6401,102.38
6402,6402,102.47
6403,6403,100.4
6404,6404,100.37
6405,6405,97.98
6406,6406,96.31
6407,6407,93.53
6408,6408,94.215
6409,6409,95.24
6410,6410,93.88
6411,6411,92.15
6412,6412,91.6
6413,6413,91.29
6414,6414,90.31
6415,6415,89.34
6416,6416,88.5
6417,6417,84.06
6418,6418,88.495
6419,6419,94.465
6420,6420,97.96
6421,6421,102.75
6422,6422,105.37
6423,6423,112.05
6424,6424,111.384999999999
6425,6425,110.57
6426,6426,110.13
6427,6427,109.24
6428,6428,114.14
6429,6429,115.36
6430,6430,118.96
6431,6431,127.18
6432,6432,125.61
6433,6433,125.8
6434,6434,130.62
6435,6435,115.205
6436,6436,109.19
6437,6437,100.85
6438,6438,96.47
6439,6439,90.94
6440,6440,89.34
6441,6441,88.44
6442,6442,77.055
6443,6443,87.9
6444,6444,89.39
6445,6445,89.21
6446,6446,89.83
6447,6447,91.43
6448,6448,92.54
6449,6449,95.66
6450,6450,99.3
6451,6451,104.83
6452,6452,112.975
6453,6453,112.78
6454,6454,109.83
6455,6455,111.5
6456,6456,111.27
6457,6457,109.69
6458,6458,107.25
6459,6459,105.93
6460,6460,103.43
6461,6461,102.045
6462,6462,99.73
6463,6463,98.6
6464,6464,97.74
6465,6465,96.01
6466,6466,94.74
6467,6467,98.58
6468,6468,98.02
6469,6469,96.68
6470,6470,97.56
6471,6471,99.88
6472,6472,100.61
6473,6473,105.35
6474,6474,107.5
6475,6475,112.44
6476,6476,111.92
6477,6477,113.81
6478,6478,114.21
6479,6479,113.98
6480,6480,110.73
6481,6481,108.37
6482,6482,109.53
6483,6483,107.85
6484,6484,109.34
6485,6485,108.4
6486,6486,107.49
6487,6487,103.58
6488,6488,103.56
6489,6489,102.13
6490,6490,102.0
6491,6491,101.35
6492,6492,100.33
6493,6493,99.24
6494,6494,99.26
6495,6495,100.52
6496,6496,102.34
6497,6497,99.64
6498,6498,100.39
6499,6499,102.42
6500,6500,99.64
6501,6501,99.78
6502,6502,103.29
6503,6503,102.02
6504,6504,99.48
6505,6505,98.04
6506,6506,97.56
6507,6507,97.08
6508,6508,101.36
6509,6509,106.71
6510,6510,109.38
6511,6511,114.82
6512,6512,119.335
6513,6513,120.17
6514,6514,118.02
6515,6515,118.9
6516,6516,115.99
6517,6517,114.59
6518,6518,113.61
6519,6519,110.7
6520,6520,107.32
6521,6521,100.695
6522,6522,98.11
6523,6523,95.64
6524,6524,96.53
6525,6525,94.7
6526,6526,94.08
6527,6527,95.92
6528,6528,95.065
6529,6529,94.55
6530,6530,94.63
6531,6531,94.44
6532,6532,78.66833333333334
6533,6533,94.06
6534,6534,93.87
6535,6535,93.68
6536,6536,93.49
6537,6537,94.075
6538,6538,94.66
6539,6539,92.5
6540,6540,92.57
6541,6541,93.67
6542,6542,94.77
6543,6543,95.87
6544,6544,94.53
6545,6545,96.01
6546,6546,97.445
6547,6547,95.9
6548,6548,94.495
6549,6549,94.86
6550,6550,94.96
6551,6551,95.32
6552,6552,95.06
6553,6553,96.5
6554,6554,95.39
6555,6555,95.39
6556,6556,94.8249999999999
6557,6557,93.95
6558,6558,93.79
6559,6559,92.64
6560,6560,94.16
6561,6561,101.94
6562,6562,98.23
6563,6563,96.44
6564,6564,93.22
6565,6565,92.78
6566,6566,89.36
6567,6567,88.15
6568,6568,87.85
6569,6569,88.6
6570,6570,88.94
6571,6571,89.07
6572,6572,88.86
6573,6573,89.53
6574,6574,89.12
6575,6575,90.56
6576,6576,90.79
6577,6577,92.66
6578,6578,93.17
6579,6579,92.38
6580,6580,91.235
6581,6581,90.21
6582,6582,89.61
6583,6583,90.62
6584,6584,89.39
6585,6585,90.83
6586,6586,90.46
6587,6587,90.45
6588,6588,90.835
6589,6589,90.33
6590,6590,90.46
6591,6591,91.1
6592,6592,90.75
6593,6593,91.43
6594,6594,89.85
6595,6595,89.545
6596,6596,89.55
6597,6597,88.84
6598,6598,90.3
6599,6599,91.23
6600,6600,91.93
6601,6601,91.63
6602,6602,93.96
6603,6603,95.29
6604,6604,95.36
6605,6605,95.63
6606,6606,95.64
6607,6607,97.76
6608,6608,102.35
6609,6609,105.22
6610,6610,101.97
6611,6611,98.75
6612,6612,100.98
6613,6613,101.45
6614,6614,97.49
6615,6615,96.92
6616,6616,94.68
6617,6617,89.9
6618,6618,91.77
6619,6619,92.59249999999994
6620,6620,93.4149999999999
6621,6621,92.59
6622,6622,92.545
6623,6623,90.71
6624,6624,89.715
6625,6625,89.25
6626,6626,89.99
6627,6627,93.11
6628,6628,92.06
6629,6629,92.705
6630,6630,93.18
6631,6631,91.71
6632,6632,92.63
6633,6633,91.53
6634,6634,91.65
6635,6635,91.21
6636,6636,90.09
6637,6637,94.05
6638,6638,95.23
6639,6639,97.57
6640,6640,97.56
6641,6641,99.94
6642,6642,98.1
6643,6643,97.23
6644,6644,95.81
6645,6645,97.06
6646,6646,99.45
6647,6647,96.21
6648,6648,96.21
6649,6649,95.87
6650,6650,93.05
6651,6651,91.958
6652,6652,90.866
6653,6653,89.774
6654,6654,88.682
6655,6655,87.59
6656,6656,87.11
6657,6657,87.49
6658,6658,87.3
6659,6659,86.645
6660,6660,86.31
6661,6661,86.695
6662,6662,86.01
6663,6663,86.03
6664,6664,86.05
6665,6665,86.97
6666,6666,87.09
6667,6667,87.59
6668,6668,87.08
6669,6669,88.17
6670,6670,88.11
6671,6671,87.58
6672,6672,89.61
6673,6673,94.19
6674,6674,97.97
6675,6675,101.59
6676,6676,100.96
6677,6677,100.84
6678,6678,100.84
6679,6679,111.76
6680,6680,122.68
6681,6681,117.3
6682,6682,105.51
6683,6683,97.96
6684,6684,93.43
6685,6685,89.84
6686,6686,88.26
6687,6687,89.3
6688,6688,88.79
6689,6689,88.48
6690,6690,87.55
6691,6691,87.85
6692,6692,87.58
6693,6693,87.95
6694,6694,90.63
6695,6695,90.28
6696,6696,92.285
6697,6697,96.36
6698,6698,96.39
6699,6699,94.35
6700,6700,93.57
6701,6701,93.97
6702,6702,95.14
6703,6703,92.76
6704,6704,91.51
6705,6705,88.86
6706,6706,91.3
6707,6707,91.91
6708,6708,88.33
6709,6709,86.96
6710,6710,87.31
6711,6711,86.12
6712,6712,84.8
6713,6713,84.89
6714,6714,85.32
6715,6715,85.775
6716,6716,85.87
6717,6717,86.13
6718,6718,87.22
6719,6719,87.89
6720,6720,89.03
6721,6721,89.67
6722,6722,88.69
6723,6723,88.81
6724,6724,90.24
6725,6725,91.43
6726,6726,92.17
6727,6727,93.06
6728,6728,93.76
6729,6729,96.01
6730,6730,96.47
6731,6731,93.63
6732,6732,90.85
6733,6733,89.24
6734,6734,92.04
6735,6735,93.005
6736,6736,93.13
6737,6737,93.85
6738,6738,94.05
6739,6739,94.005
6740,6740,93.51
6741,6741,89.92
6742,6742,89.44
6743,6743,90.15
6744,6744,91.34
6745,6745,91.4
6746,6746,91.71
6747,6747,91.89
6748,6748,92.07
6749,6749,91.36
6750,6750,91.03
6751,6751,90.68
6752,6752,89.97
6753,6753,91.07
6754,6754,89.99
6755,6755,91.12
6756,6756,91.15
6757,6757,89.46
6758,6758,89.43
6759,6759,89.82
6760,6760,91.02
6761,6761,90.2
6762,6762,88.69
6763,6763,87.905
6764,6764,88.21
6765,6765,87.43
6766,6766,60.82
6767,6767,89.185
6768,6768,89.19
6769,6769,90.59
6770,6770,93.15
6771,6771,98.8
6772,6772,103.93
6773,6773,102.9
6774,6774,108.19
6775,6775,108.77
6776,6776,109.06
6777,6777,137.845
6778,6778,106.27
6779,6779,135.79
6780,6780,101.45
6781,6781,97.72
6782,6782,95.34
6783,6783,89.97
6784,6784,87.64
6785,6785,86.06
6786,6786,85.01
6787,6787,86.16
6788,6788,87.32
6789,6789,86.71
6790,6790,85.9
6791,6791,80.41
6792,6792,86.78
6793,6793,87.17
6794,6794,89.035
6795,6795,90.9
6796,6796,91.24
6797,6797,92.2
6798,6798,92.6649999999999
6799,6799,91.95
6800,6800,89.58
6801,6801,87.21
6802,6802,84.84
6803,6803,87.14
6804,6804,88.24
6805,6805,88.31
6806,6806,87.78
6807,6807,87.21
6808,6808,85.38
6809,6809,86.99
6810,6810,90.91
6811,6811,94.19
6812,6812,95.82
6813,6813,101.46
6814,6814,103.52
6815,6815,103.58
6816,6816,105.44
6817,6817,102.5
6818,6818,101.91
6819,6819,98.41
6820,6820,96.96
6821,6821,94.21
6822,6822,94.18
6823,6823,99.115
6824,6824,101.45
6825,6825,103.89
6826,6826,108.45
6827,6827,111.39
6828,6828,123.46
6829,6829,141.98
6830,6830,149.8
6831,6831,138.79
6832,6832,140.485
6833,6833,137.83
6834,6834,128.79
6835,6835,123.14
6836,6836,106.29
6837,6837,94.58
6838,6838,92.84
6839,6839,90.59
6840,6840,89.79
6841,6841,87.95
6842,6842,87.59
6843,6843,87.73
6844,6844,86.89
6845,6845,88.18
6846,6846,89.24
6847,6847,90.7
6848,6848,93.38
6849,6849,96.49
6850,6850,100.375
6851,6851,104.26
6852,6852,105.604999999999
6853,6853,104.16
6854,6854,102.53
6855,6855,102.53
6856,6856,102.40333333333336
6857,6857,102.27666666666669
6858,6858,102.15
6859,6859,100.24
6860,6860,100.245
6861,6861,98.28
6862,6862,98.21
6863,6863,95.04
6864,6864,92.03
6865,6865,88.81
6866,6866,87.11
6867,6867,84.85
6868,6868,85.57
6869,6869,85.18
6870,6870,84.9
6871,6871,86.15
6872,6872,87.4
6873,6873,87.91
6874,6874,89.18
6875,6875,90.27
6876,6876,92.98
6877,6877,92.44
6878,6878,91.33
6879,6879,91.98
6880,6880,92.24
6881,6881,93.29
6882,6882,92.05
6883,6883,91.51
6884,6884,90.61
6885,6885,90.41
6886,6886,89.87
6887,6887,89.42
6888,6888,89.42
6889,6889,90.02
6890,6890,89.13
6891,6891,88.0
6892,6892,86.98
6893,6893,85.83
6894,6894,85.6
6895,6895,83.41
6896,6896,83.42
6897,6897,84.29
6898,6898,85.14
6899,6899,86.52
6900,6900,88.9
6901,6901,89.44
6902,6902,90.82
6903,6903,90.77
6904,6904,91.17
6905,6905,91.02
6906,6906,90.66
6907,6907,89.66
6908,6908,90.04
6909,6909,89.84
6910,6910,87.58
6911,6911,89.935
6912,6912,93.38
6913,6913,91.54
6914,6914,90.26
6915,6915,89.36
6916,6916,88.72
6917,6917,88.11
6918,6918,88.11
6919,6919,87.14
6920,6920,85.59
6921,6921,84.57
6922,6922,84.91
6923,6923,84.91
6924,6924,85.36
6925,6925,87.21
6926,6926,87.66
6927,6927,88.71
6928,6928,88.11
6929,6929,86.96
6930,6930,87.91
6931,6931,87.19
6932,6932,87.05
6933,6933,87.15
6934,6934,87.1
6935,6935,86.89
6936,6936,87.3
6937,6937,90.56
6938,6938,94.23
6939,6939,92.86
6940,6940,92.25
6941,6941,92.55
6942,6942,91.56
6943,6943,88.12
6944,6944,87.845
6945,6945,88.8249999999999
6946,6946,89.42
6947,6947,89.39
6948,6948,87.08
6949,6949,87.08
6950,6950,87.5
6951,6951,87.265
6952,6952,86.65
6953,6953,86.51
6954,6954,86.88
6955,6955,88.15
6956,6956,87.3
6957,6957,88.65
6958,6958,87.69
6959,6959,87.45
6960,6960,87.21
6961,6961,85.64
6962,6962,85.94
6963,6963,85.18
6964,6964,85.05
6965,6965,85.36
6966,6966,86.51
6967,6967,85.22
6968,6968,84.65
6969,6969,86.3
6970,6970,85.92
6971,6971,85.92
6972,6972,85.23
6973,6973,86.83
6974,6974,89.43
6975,6975,91.52
6976,6976,90.96
6977,6977,92.64
6978,6978,93.28
6979,6979,93.79
6980,6980,94.33
6981,6981,100.28
6982,6982,94.0
6983,6983,91.85
6984,6984,90.76
6985,6985,89.015
6986,6986,89.52
6987,6987,90.65
6988,6988,88.89
6989,6989,87.59
6990,6990,85.15
6991,6991,87.8
6992,6992,87.62
6993,6993,85.01
6994,6994,86.37
6995,6995,84.91
6996,6996,88.15
6997,6997,87.3
6998,6998,86.09
6999,6999,84.88
7000,7000,84.94
7001,7001,85.5
7002,7002,84.69
7003,7003,84.86
7004,7004,84.48
7005,7005,78.87
7006,7006,83.88
7007,7007,84.4
7008,7008,84.57
7009,7009,84.74
7010,7010,85.31
7011,7011,86.01
7012,7012,84.9
7013,7013,84.78
7014,7014,84.82
7015,7015,84.45
7016,7016,85.18
7017,7017,85.58
7018,7018,84.345
7019,7019,84.53
7020,7020,84.51
7021,7021,84.08
7022,7022,84.3
7023,7023,85.34
7024,7024,84.68
7025,7025,84.59
7026,7026,84.86
7027,7027,84.365
7028,7028,85.02
7029,7029,85.305
7030,7030,85.59
7031,7031,85.37
7032,7032,83.8
7033,7033,82.67
7034,7034,83.36
7035,7035,83.14
7036,7036,83.44
7037,7037,83.84
7038,7038,84.95
7039,7039,84.29
7040,7040,84.8
7041,7041,85.96
7042,7042,83.78
7043,7043,85.2
7044,7044,85.15
7045,7045,85.31
7046,7046,85.13
7047,7047,87.275
7048,7048,87.87
7049,7049,91.12
7050,7050,91.8
7051,7051,88.86
7052,7052,89.23
7053,7053,88.13
7054,7054,87.26
7055,7055,86.02
7056,7056,86.25
7057,7057,86.35
7058,7058,86.17
7059,7059,86.36
7060,7060,84.35
7061,7061,83.04
7062,7062,83.3
7063,7063,83.98
7064,7064,81.52
7065,7065,84.93
7066,7066,85.39
7067,7067,85.29
7068,7068,86.16
7069,7069,86.62
7070,7070,80.78
7071,7071,85.445
7072,7072,86.56
7073,7073,87.28
7074,7074,86.79
7075,7075,86.33333333333333
7076,7076,85.87666666666667
7077,7077,85.42
7078,7078,84.85
7079,7079,85.33
7080,7080,86.02
7081,7081,87.56
7082,7082,89.68
7083,7083,89.98
7084,7084,91.62
7085,7085,89.41
7086,7086,91.66
7087,7087,93.33
7088,7088,89.74
7089,7089,91.64
7090,7090,92.93
7091,7091,92.32
7092,7092,90.22
7093,7093,89.06
7094,7094,88.39
7095,7095,87.57
7096,7096,87.205
7097,7097,85.3
7098,7098,85.56
7099,7099,85.72
7100,7100,86.31
7101,7101,86.57
7102,7102,88.04
7103,7103,87.79
7104,7104,87.83
7105,7105,87.55
7106,7106,87.39
7107,7107,89.24
7108,7108,90.08
7109,7109,94.41
7110,7110,97.91
7111,7111,98.26
7112,7112,96.68
7113,7113,93.23
7114,7114,91.06
7115,7115,67.98
7116,7116,88.85
7117,7117,86.81
7118,7118,87.42
7119,7119,86.145
7120,7120,82.61
7121,7121,84.01
7122,7122,85.0
7123,7123,85.14
7124,7124,85.48
7125,7125,85.68
7126,7126,87.69
7127,7127,88.595
7128,7128,75.97
7129,7129,88.28
7130,7130,89.685
7131,7131,89.785
7132,7132,89.38
7133,7133,89.83
7134,7134,89.53
7135,7135,88.76
7136,7136,89.09
7137,7137,88.775
7138,7138,88.77
7139,7139,87.98
7140,7140,88.23
7141,7141,86.89
7142,7142,85.29
7143,7143,84.77
7144,7144,84.48
7145,7145,83.07
7146,7146,84.1
7147,7147,84.24
7148,7148,84.38
7149,7149,85.1
7150,7150,86.32
7151,7151,87.13
7152,7152,87.76
7153,7153,87.33
7154,7154,87.94
7155,7155,86.74
7156,7156,86.44
7157,7157,86.71
7158,7158,87.89
7159,7159,87.67
7160,7160,87.55
7161,7161,86.54
7162,7162,85.76
7163,7163,85.19
7164,7164,85.39
7165,7165,86.88
7166,7166,86.06
7167,7167,85.22
7168,7168,84.43
7169,7169,83.94
7170,7170,84.46
7171,7171,84.16
7172,7172,84.76
7173,7173,61.31
7174,7174,85.48
7175,7175,89.78
7176,7176,86.52
7177,7177,85.51
7178,7178,85.23
7179,7179,86.6
7180,7180,86.51
7181,7181,85.16
7182,7182,84.57
7183,7183,84.34
7184,7184,84.44
7185,7185,84.71
7186,7186,84.2
7187,7187,83.69
7188,7188,83.75
7189,7189,84.21
7190,7190,85.37
7191,7191,85.73
7192,7192,85.85
7193,7193,86.24
7194,7194,85.65
7195,7195,86.18
7196,7196,85.17
7197,7197,85.14
7198,7198,85.42
7199,7199,85.01
7200,7200,84.27
7201,7201,83.48
7202,7202,83.53
7203,7203,84.45
7204,7204,84.78
7205,7205,84.99
7206,7206,85.005
7207,7207,85.85
7208,7208,85.22
7209,7209,84.0
7210,7210,85.24
7211,7211,86.935
7212,7212,86.77
7213,7213,85.68
7214,7214,86.46
7215,7215,85.18
7216,7216,84.63
7217,7217,85.32
7218,7218,86.17
7219,7219,86.09
7220,7220,86.53
7221,7221,86.7
7222,7222,85.71
7223,7223,87.37
7224,7224,88.17
7225,7225,88.59
7226,7226,88.47
7227,7227,87.23
7228,7228,86.2
7229,7229,85.9
7230,7230,86.3
7231,7231,85.84
7232,7232,86.89
7233,7233,87.06
7234,7234,86.76
7235,7235,86.39
7236,7236,85.39
7237,7237,84.75
7238,7238,85.13
7239,7239,56.57
7240,7240,55.72
7241,7241,55.91
7242,7242,56.77
7243,7243,56.57
7244,7244,55.5
7245,7245,55.11
7246,7246,55.92
7247,7247,86.12
7248,7248,82.41
7249,7249,81.99
7250,7250,81.8
7251,7251,82.025
7252,7252,84.1825
7253,7253,86.34
7254,7254,89.8249999999999
7255,7255,86.86
7256,7256,85.64
7257,7257,84.965
7258,7258,86.645
7259,7259,85.28
7260,7260,86.16
7261,7261,84.86
7262,7262,83.36
7263,7263,84.43
7264,7264,83.92
7265,7265,86.26
7266,7266,83.97
7267,7267,86.43
7268,7268,85.205
7269,7269,85.91
7270,7270,85.215
7271,7271,85.25
7272,7272,86.1349999999999
7273,7273,86.815
7274,7274,88.37
7275,7275,88.69
7276,7276,88.37
7277,7277,94.49
7278,7278,92.99
7279,7279,93.9149999999999
7280,7280,93.53
7281,7281,91.43
7282,7282,92.9
7283,7283,91.46
7284,7284,90.02
7285,7285,89.89
7286,7286,87.52
7287,7287,86.63
7288,7288,87.98
7289,7289,87.1649999999999
7290,7290,86.17
7291,7291,88.74
7292,7292,88.49
7293,7293,88.62
7294,7294,89.045
7295,7295,89.23
7296,7296,89.81
7297,7297,88.9
7298,7298,86.76
7299,7299,89.0
7300,7300,87.49
7301,7301,66.0
7302,7302,85.69
7303,7303,86.99
7304,7304,87.09
7305,7305,87.04
7306,7306,87.52
7307,7307,87.75
7308,7308,87.92
7309,7309,87.52
7310,7310,87.44
7311,7311,86.62
7312,7312,86.58
7313,7313,86.77
7314,7314,88.14
7315,7315,88.275
7316,7316,89.32
7317,7317,88.26
7318,7318,88.52
7319,7319,87.65
7320,7320,87.38
7321,7321,87.23
7322,7322,86.19
7323,7323,85.91
7324,7324,87.08
7325,7325,86.41
7326,7326,85.35
7327,7327,85.1
7328,7328,85.02
7329,7329,87.1049999999999
7330,7330,88.16
7331,7331,91.66
7332,7332,96.87
7333,7333,95.45
7334,7334,93.3
7335,7335,89.41
7336,7336,86.82
7337,7337,85.79
7338,7338,84.555
7339,7339,84.95
7340,7340,84.94
7341,7341,83.98
7342,7342,84.94
7343,7343,85.85
7344,7344,86.98
7345,7345,86.4
7346,7346,86.54
7347,7347,88.03
7348,7348,90.92
7349,7349,93.39
7350,7350,94.95
7351,7351,94.5
7352,7352,93.75
7353,7353,95.22
7354,7354,94.26
7355,7355,92.78
7356,7356,91.64
7357,7357,91.82
7358,7358,92.33
7359,7359,91.47
7360,7360,90.53
7361,7361,91.34
7362,7362,87.78
7363,7363,87.15
7364,7364,85.95
7365,7365,85.81
7366,7366,84.87
7367,7367,83.84
7368,7368,83.98
7369,7369,83.81
7370,7370,84.89
7371,7371,84.59
7372,7372,85.11
7373,7373,85.25
7374,7374,86.43
7375,7375,88.55
7376,7376,89.935
7377,7377,92.54
7378,7378,92.89
7379,7379,95.655
7380,7380,93.79
7381,7381,93.185
7382,7382,93.52
7383,7383,92.79
7384,7384,91.83
7385,7385,90.64
7386,7386,90.785
7387,7387,89.39
7388,7388,88.905
7389,7389,87.68
7390,7390,84.84
7391,7391,84.44
7392,7392,83.8
7393,7393,83.91
7394,7394,84.065
7395,7395,84.3249999999999
7396,7396,83.84
7397,7397,83.97
7398,7398,81.79
7399,7399,83.06
7400,7400,85.06
7401,7401,84.2
7402,7402,84.98
7403,7403,85.88
7404,7404,86.45
7405,7405,87.08
7406,7406,87.53
7407,7407,86.88
7408,7408,86.56
7409,7409,82.995
7410,7410,86.32
7411,7411,85.78
7412,7412,84.97
7413,7413,85.48
7414,7414,85.8
7415,7415,83.81
7416,7416,61.01
7417,7417,59.555
7418,7418,55.83
7419,7419,55.8
7420,7420,55.68
7421,7421,56.09
7422,7422,56.01
7423,7423,85.02
7424,7424,84.77
7425,7425,84.24
7426,7426,84.62
7427,7427,82.945
7428,7428,82.97
7429,7429,84.75
7430,7430,84.68
7431,7431,84.95
7432,7432,84.55
7433,7433,77.53
7434,7434,84.16
7435,7435,83.04
7436,7436,83.47
7437,7437,83.87
7438,7438,82.93
7439,7439,84.2
7440,7440,84.1
7441,7441,83.58
7442,7442,83.6
7443,7443,84.77
7444,7444,85.36
7445,7445,84.91
7446,7446,85.74
7447,7447,84.955
7448,7448,84.8
7449,7449,84.35
7450,7450,83.74
7451,7451,83.77
7452,7452,84.35
7453,7453,84.475
7454,7454,84.36
7455,7455,83.85
7456,7456,83.51
7457,7457,83.83
7458,7458,83.68
7459,7459,83.52
7460,7460,83.1
7461,7461,82.835
7462,7462,82.15
7463,7463,82.64
7464,7464,81.96
7465,7465,81.65
7466,7466,82.18
7467,7467,82.11
7468,7468,82.16
7469,7469,83.88
7470,7470,83.68
7471,7471,84.45
7472,7472,85.35
7473,7473,85.27
7474,7474,85.36
7475,7475,85.18
7476,7476,58.27
7477,7477,86.12
7478,7478,86.04
7479,7479,86.59
7480,7480,85.52
7481,7481,84.44
7482,7482,85.235
7483,7483,85.13
7484,7484,85.3
7485,7485,85.17
7486,7486,84.87
7487,7487,85.52
7488,7488,84.06
7489,7489,84.24
7490,7490,84.3
7491,7491,84.87
7492,7492,85.03
7493,7493,84.57
7494,7494,85.34
7495,7495,85.11
7496,7496,84.97
7497,7497,84.8
7498,7498,83.21
7499,7499,84.34
7500,7500,84.31
7501,7501,84.46
7502,7502,84.37
7503,7503,85.31
7504,7504,85.21
7505,7505,84.18
7506,7506,84.21
7507,7507,83.35
7508,7508,84.06
7509,7509,85.63
7510,7510,86.01
7511,7511,85.77
7512,7512,85.19
7513,7513,85.18
7514,7514,84.84
7515,7515,84.93
7516,7516,85.01
7517,7517,83.61
7518,7518,83.8849999999999
7519,7519,84.215
7520,7520,84.09
7521,7521,83.75
7522,7522,84.21
7523,7523,86.1
7524,7524,84.65
7525,7525,84.17
7526,7526,83.53
7527,7527,82.75
7528,7528,82.78
7529,7529,81.96
7530,7530,81.02
7531,7531,80.435
7532,7532,78.715
7533,7533,78.59
7534,7534,77.97
7535,7535,59.7699999999999
7536,7536,78.72
7537,7537,81.715
7538,7538,81.35
7539,7539,73.23
7540,7540,77.19
7541,7541,75.22
7542,7542,77.345
7543,7543,77.895
7544,7544,78.51
7545,7545,79.03500000000001
7546,7546,79.56
7547,7547,80.085
7548,7548,80.61
7549,7549,80.6
7550,7550,79.67
7551,7551,78.65
7552,7552,78.61
7553,7553,79.12
7554,7554,79.63
7555,7555,79.24
7556,7556,78.27
7557,7557,78.515
7558,7558,78.965
7559,7559,80.7
7560,7560,78.33
7561,7561,78.09
7562,7562,78.3
7563,7563,77.805
7564,7564,77.475
7565,7565,77.09
7566,7566,77.31
7567,7567,77.41
7568,7568,77.26
7569,7569,76.775
7570,7570,77.13
7571,7571,76.71
7572,7572,76.71
7573,7573,77.6
7574,7574,77.5
7575,7575,77.55
7576,7576,76.565
7577,7577,75.58
7578,7578,74.595
7579,7579,78.64
7580,7580,78.71
7581,7581,77.75
7582,7582,77.66
7583,7583,79.6349999999999
7584,7584,64.736
7585,7585,60.521
7586,7586,57.775
7587,7587,54.237
7588,7588,58.255
7589,7589,66.8584999999999
7590,7590,62.329749999999954
7591,7591,57.801
7592,7592,65.927
7593,7593,70.246
7594,7594,70.6
7595,7595,67.228
7596,7596,69.1325
7597,7597,59.545
7598,7598,70.63
7599,7599,71.61
7600,7600,70.896
7601,7601,71.223
7602,7602,71.998
7603,7603,71.818
7604,7604,70.778
7605,7605,78.9
7606,7606,68.868
7607,7607,69.13
7608,7608,68.751
7609,7609,70.956
7610,7610,72.297
7611,7611,70.748
7612,7612,69.981
7613,7613,69.893
7614,7614,70.364
7615,7615,68.605
7616,7616,67.418
7617,7617,66.384
7618,7618,65.586
7619,7619,67.187
7620,7620,65.899
7621,7621,64.567
7622,7622,64.117
7623,7623,63.585
7624,7624,61.589
7625,7625,61.04
7626,7626,68.402
7627,7627,58.228
7628,7628,57.164
7629,7629,55.665
7630,7630,59.221
7631,7631,54.314
7632,7632,67.706
7633,7633,70.475
7634,7634,71.077
7635,7635,70.415
7636,7636,73.148
7637,7637,73.763
7638,7638,72.078
7639,7639,71.926
7640,7640,71.774
7641,7641,72.139
7642,7642,73.271
7643,7643,71.713
7644,7644,70.927
7645,7645,73.886
7646,7646,71.41
7647,7647,72.322
7648,7648,73.794
7649,7649,72.872
7650,7650,83.305
7651,7651,71.38
7652,7652,72.78
7653,7653,72.841
7654,7654,72.505
7655,7655,71.562
7656,7656,71.835
7657,7657,72.078
7658,7658,70.535
7659,7659,70.174
7660,7660,70.024
7661,7661,69.635
7662,7662,72.979
7663,7663,71.138
7664,7664,68.15
7665,7665,67.062
7666,7666,67.649
7667,7667,67.208
7668,7668,66.565
7669,7669,74.94
7670,7670,71.683
7671,7671,67.737
7672,7672,65.78
7673,7673,66.74
7674,7674,64.769
7675,7675,65.432
7676,7676,65.201
7677,7677,65.49
7678,7678,65.057
7679,7679,66.215
7680,7680,66.041
7681,7681,64.253
7682,7682,63.824
7683,7683,65.635
7684,7684,64.539
7685,7685,63.681
7686,7686,62.518
7687,7687,64.195
7688,7688,62.857
7689,7689,62.687
7690,7690,62.067
7691,7691,68.653
7692,7692,62.151
7693,7693,68.18
7694,7694,60.696
7695,7695,63.55633333333333
7696,7696,66.41666666666667
7697,7697,69.277
7698,7698,70.415
7699,7699,69.695
7700,7700,71.319
7701,7701,70.73
7702,7702,69.397
7703,7703,69.695
7704,7704,69.069
7705,7705,68.327
7706,7706,67.355
7707,7707,67.033
7708,7708,65.259
7709,7709,66.303
7710,7710,64.683
7711,7711,66.157
7712,7712,66.012
7713,7713,76.064
7714,7714,66.623
7715,7715,64.884
7716,7716,65.288
7717,7717,66.332
7718,7718,66.769
7719,7719,73.979
7720,7720,66.945
7721,7721,66.477
7722,7722,65.954
7723,7723,67.649
7724,7724,66.74
7725,7725,66.041
7726,7726,64.884
7727,7727,64.339
7728,7728,63.995
7729,7729,64.712
7730,7730,76.819
7731,7731,65.722
7732,7732,64.597
7733,7733,65.057
7734,7734,65.23
7735,7735,64.195
7736,7736,65.78
7737,7737,64.31
7738,7738,64.482
7739,7739,64.138
7740,7740,65.519
7741,7741,64.281
7742,7742,65.172
7743,7743,66.565
7744,7744,65.809
7745,7745,76.001
7746,7746,64.253
7747,7747,65.346
7748,7748,71.805
7749,7749,72.811
7750,7750,64.425
7751,7751,63.681
7752,7752,75.376
7753,7753,61.926
7754,7754,61.954
7755,7755,62.095
7756,7756,62.039
7757,7757,62.095
7758,7758,59.781
7759,7759,70.836
7760,7760,66.536
7761,7761,59.616
7762,7762,60.919
7763,7763,61.114
7764,7764,62.574
7765,7765,64.827
7766,7766,61.87
7767,7767,62.208
7768,7768,70.475
7769,7769,61.73
7770,7770,59.368
7771,7771,59.671
7772,7772,68.505
7773,7773,59.176
7774,7774,58.382
7775,7775,58.6
7776,7776,54.94
7777,7777,57.16
7778,7778,58.0
7779,7779,58.491
7780,7780,67.633
7781,7781,67.832
7782,7782,68.385
7783,7783,75.269
7784,7784,67.6935
7785,7785,67.954
7786,7786,69.219
7787,7787,69.374
7788,7788,69.684
7789,7789,86.93
7790,7790,86.3
7791,7791,85.952
7792,7792,86.021
7793,7793,83.533
7794,7794,81.152
7795,7795,79.408
7796,7796,80.513
7797,7797,80.177
7798,7798,77.751
7799,7799,79.675
7800,7800,75.561
7801,7801,82.1
7802,7802,71.531
7803,7803,72.036
7804,7804,70.152
7805,7805,67.372
7806,7806,71.248
7807,7807,66.641
7808,7808,74.43
7809,7809,71.657
7810,7810,73.276
7811,7811,73.308
7812,7812,69.965
7813,7813,71.942
7814,7814,70.401
7815,7815,71.91
7816,7816,73.148
7817,7817,71.594
7818,7818,72.83
7819,7819,70.433
7820,7820,68.385
7821,7821,67.067
7822,7822,68.2515
7823,7823,69.436
7824,7824,69.219
7825,7825,69.622
7826,7826,69.095
7827,7827,66.398
7828,7828,71.468
7829,7829,71.2325
7830,7830,70.997
7831,7831,70.62
7832,7832,76.996
7833,7833,78.412
7834,7834,78.18
7835,7835,68.909
7836,7836,68.693
7837,7837,70.464
7838,7838,76.734
7839,7839,71.563
7840,7840,72.925
7841,7841,76.93
7842,7842,79.309
7843,7843,73.499
7844,7844,72.775
7845,7845,71.24
7846,7846,67.389
7847,7847,69.15
7848,7848,67.686
7849,7849,72.528
7850,7850,74.016
7851,7851,74.016
7852,7852,71.729
7853,7853,71.821
7854,7854,71.913
7855,7855,70.691
7856,7856,71.24
7857,7857,71.637
7858,7858,69.03
7859,7859,68.909
7860,7860,68.162
7861,7861,68.371
7862,7862,74.422
7863,7863,72.159
7864,7864,71.24
7865,7865,71.484
7866,7866,73.301
7867,7867,74.766
7868,7868,71.668
7869,7869,74.203
7870,7870,77.648
7871,7871,76.342
7872,7872,78.483
7873,7873,72.798
7874,7874,69.368
7875,7875,69.592
7876,7876,70.313
7877,7877,68.632
7878,7878,69.435
7879,7879,69.033
7880,7880,72.092
7881,7881,71.678
7882,7882,69.952
7883,7883,69.794
7884,7884,71.175
7885,7885,74.348
7886,7886,79.485
7887,7887,74.844
7888,7888,66.971
7889,7889,63.253
7890,7890,70.409
7891,7891,77.526
7892,7892,77.316
7893,7893,78.459
7894,7894,79.293
7895,7895,78.007
7896,7896,83.258
7897,7897,82.228
7898,7898,78.701
7899,7899,78.55
7900,7900,74.093
7901,7901,72.18
7902,7902,69.985
7903,7903,68.692
7904,7904,65.002
7905,7905,57.042
7906,7906,60.222
7907,7907,67.468
7908,7908,73.859
7909,7909,73.918
7910,7910,79.004
7911,7911,91.349
7912,7912,94.366
7913,7913,94.536
7914,7914,99.992
7915,7915,106.053
7916,7916,114.035
7917,7917,114.805
7918,7918,113.078
7919,7919,107.153
7920,7920,106.602
7921,7921,105.76
7922,7922,103.154
7923,7923,99.711
7924,7924,92.048
7925,7925,88.199
7926,7926,86.746
7927,7927,87.003
7928,7928,84.484
7929,7929,82.073
7930,7930,83.226
7931,7931,80.837
7932,7932,94.096
7933,7933,97.067
7934,7934,91.781
7935,7935,92.314
7936,7936,87.94
7937,7937,91.25
7938,7938,89.798
7939,7939,87.778
7940,7940,83.195
7941,7941,84.169
7942,7942,86.522
7943,7943,90.39
7944,7944,84.516
7945,7945,84.674
7946,7946,79.49
7947,7947,78.822
7948,7948,83.235
7949,7949,87.648
7950,7950,86.875
7951,7951,84.484
7952,7952,84.69
7953,7953,79.004
7954,7954,80.622
7955,7955,80.193
7956,7956,85.882
7957,7957,91.051
7958,7958,88.037
7959,7959,79.673
7960,7960,81.361
7961,7961,83.039
7962,7962,73.539
7963,7963,68.552
7964,7964,68.217
7965,7965,77.466
7966,7966,77.947
7967,7967,78.641
7968,7968,78.429
7969,7969,74.649
7970,7970,72.324
7971,7971,67.108
7972,7972,67.385
7973,7973,67.246
7974,7974,66.475
7975,7975,70.211
7976,7976,66.971
7977,7977,66.475
7978,7978,64.975
7979,7979,57.245
7980,7980,55.113
7981,7981,62.005
7982,7982,71.063
7983,7983,68.748
7984,7984,67.081
7985,7985,68.58
7986,7986,67.44
7987,7987,64.813
7988,7988,68.468
7989,7989,66.668
7990,7990,64.488
7991,7991,62.747
7992,7992,61.11
7993,7993,60.222
7994,7994,59.47
7995,7995,62.455
7996,7996,66.174
7997,7997,71.6555
7998,7998,77.137
7999,7999,66.297
8000,8000,62.468
8001,8001,60.509
8002,8002,59.988
8003,8003,87.519
8004,8004,81.732
8005,8005,85.978
8006,8006,83.41133333333333
8007,8007,80.84466666666667
8008,8008,78.278
8009,8009,81.334
8010,8010,84.39
8011,8011,71.363
8012,8012,69.02
8013,8013,65.549
8014,8014,67.809
8015,8015,69.376
8016,8016,68.64
8017,8017,65.893
8018,8018,68.161
8019,8019,64.838
8020,8020,71.821
8021,8021,65.893
8022,8022,68.792
8023,8023,63.915
8024,8024,67.058
8025,8025,65.573
8026,8026,63.143
8027,8027,67.884
8028,8028,56.495
8029,8029,70.656
8030,8030,69.758
8031,8031,69.071
8032,8032,65.647
8033,8033,64.522
8034,8034,64.936
8035,8035,60.290000000000006
8036,8036,55.644
8037,8037,60.839
8038,8038,60.3
8039,8039,56.855
8040,8040,56.4615
8041,8041,56.068
8042,8042,62.975
8043,8043,66.735
8044,8044,61.546
8045,8045,57.945
8046,8046,56.855
8047,8047,57.489
8048,8048,57.876
8049,8049,59.046
8050,8050,56.315
8051,8051,61.949
8052,8052,58.678
8053,8053,62.903
8054,8054,60.16
8055,8055,60.534
8056,8056,62.401
8057,8057,63.095
8058,8058,64.643
8059,8059,79.499
8060,8060,77.213
8061,8061,63.586
8062,8062,64.209
8063,8063,71.909
8064,8064,74.177
8065,8065,73.796
8066,8066,73.877
8067,8067,74.068
8068,8068,71.6815
8069,8069,70.95
8070,8070,73.47
8071,8071,68.459
8072,8072,67.246
8073,8073,65.919
8074,8074,62.451
8075,8075,62.795
8076,8076,64.759
8077,8077,66.964
8078,8078,68.77
8079,8079,68.148
8080,8080,71.375
8081,8081,72.324
8082,8082,77.802
8083,8083,60.721
8084,8084,242.73
8085,8085,153.2225
8086,8086,162.02
8087,8087,235.53
8088,8088,241.93
8089,8089,84.599
8090,8090,84.067
8091,8091,78.309
8092,8092,78.054
8093,8093,74.164
8094,8094,71.744
8095,8095,75.157
8096,8096,65.172
8097,8097,67.238
8098,8098,54.596
8099,8099,53.231
8100,8100,54.887
8101,8101,53.649
8102,8102,83.57
8103,8103,78.277
8104,8104,81.99
8105,8105,79.911
8106,8106,83.835
8107,8107,88.722
8108,8108,81.566
8109,8109,80.137
8110,8110,83.669
8111,8111,69.367
8112,8112,67.267
8113,8113,71.41
8114,8114,69.875
8115,8115,97.796
8116,8116,114.152
8117,8117,82.712
8118,8118,169.192
8119,8119,115.036
8120,8120,110.554
8121,8121,99.093
8122,8122,183.887
8123,8123,224.728
8124,8124,91.984
8125,8125,95.418
8126,8126,159.359
8127,8127,150.432
8128,8128,100.474
8129,8129,100.078
8130,8130,112.797
8131,8131,223.928
8132,8132,227.391
8133,8133,227.08
8134,8134,234.454
8135,8135,230.144
8136,8136,231.405
8137,8137,169.969
8138,8138,200.642
8139,8139,179.068
8140,8140,213.747
8141,8141,239.971
8142,8142,206.630499999999
8143,8143,217.367
8144,8144,210.437
8145,8145,189.925
8146,8146,130.23000000000002
8147,8147,70.535
8148,8148,73.977
8149,8149,107.837
8150,8150,111.189
8151,8151,125.247
8152,8152,192.84
8153,8153,183.105
8154,8154,146.685
8155,8155,133.763
8156,8156,144.729
8157,8157,139.109
8158,8158,129.08
8159,8159,137.712
8160,8160,145.007
8161,8161,114.973
8162,8162,119.658
8163,8163,137.283
8164,8164,149.023
8165,8165,166.187
8166,8166,162.383
8167,8167,148.204
8168,8168,125.884
8169,8169,147.284
8170,8170,238.799
8171,8171,133.86
8172,8172,133.86
8173,8173,123.0665
8174,8174,112.273
8175,8175,108.231
8176,8176,99.167
8177,8177,96.372
8178,8178,117.762
8179,8179,167.54
8180,8180,146.334
8181,8181,147.213
8182,8182,163.2
8183,8183,179.867
8184,8184,166.028
8185,8185,187.51
8186,8186,137.118
8187,8187,173.185
8188,8188,198.223
8189,8189,207.013
8190,8190,184.416
8191,8191,169.874
8192,8192,156.704
8193,8193,172.526
8194,8194,126.096
8195,8195,130.6415
8196,8196,135.187
8197,8197,138.21
8198,8198,167.78
8199,8199,142.045
8200,8200,144.243
8201,8201,138.011
8202,8202,159.481
8203,8203,172.2995
8204,8204,185.427
8205,8205,143.605
8206,8206,153.918
8207,8207,135.317
8208,8208,148.4175
8209,8209,154.361
8210,8210,130.519
8211,8211,123.775
8212,8212,108.073
8213,8213,113.285
8214,8214,151.18
8215,8215,149.47
8216,8216,63.132
8217,8217,81.2419999999999
8218,8218,88.276
8219,8219,89.484
8220,8220,84.659
8221,8221,84.93
8222,8222,85.475
8223,8223,83.14
8224,8224,76.548
8225,8225,75.05
8226,8226,91.21
8227,8227,89.8235
8228,8228,88.437
8229,8229,85.168
8230,8230,95.593
8231,8231,89.799
8232,8232,95.411
8233,8233,98.608
8234,8234,97.498
8235,8235,102.44
8236,8236,113.92
8237,8237,112.301
8238,8238,120.25
8239,8239,115.348
8240,8240,111.859
8241,8241,107.73
8242,8242,102.63
8243,8243,114.042
8244,8244,101.266
8245,8245,89.554
8246,8246,87.708
8247,8247,86.914
8248,8248,83.645
8249,8249,100.344
8250,8250,87.951
8251,8251,87.086
8252,8252,82.504
8253,8253,80.118
8254,8254,80.184
8255,8255,79.527
8256,8256,77.803
8257,8257,78.809
8258,8258,79.462
8259,8259,77.706
8260,8260,78.581
8261,8261,73.976
8262,8262,76.292
8263,8263,77.064
8264,8264,77.836
8265,8265,80.48
8266,8266,83.174
8267,8267,84.76
8268,8268,91.352
8269,8269,88.332
8270,8270,92.455
8271,8271,96.543
8272,8272,105.083
8273,8273,93.261
8274,8274,81.439
8275,8275,80.381
8276,8276,81.372
8277,8277,74.512
8278,8278,76.084
8279,8279,75.081
8280,8280,72.652
8281,8281,70.223
8282,8282,73.286
8283,8283,75.462
8284,8284,79.005
8285,8285,77.512
8286,8286,92.169
8287,8287,116.376
8288,8288,138.0095
8289,8289,123.736
8290,8290,119.41
8291,8291,115.8
8292,8292,127.77
8293,8293,130.997
8294,8294,132.34
8295,8295,127.639
8296,8296,130.374
8297,8297,131.31
8298,8298,124.769
8299,8299,124.037
8300,8300,112.705
8301,8301,107.652
8302,8302,105.122
8303,8303,98.645
8304,8304,91.671
8305,8305,86.708
8306,8306,85.441
8307,8307,87.466
8308,8308,87.328
8309,8309,94.359
8310,8310,108.28
8311,8311,104.775
8312,8312,101.304
8313,8313,101.3225
8314,8314,101.341
8315,8315,104.159
8316,8316,108.398
8317,8317,108.832
8318,8318,113.271
8319,8319,115.512
8320,8320,116.046
8321,8321,109.822
8322,8322,108.793
8323,8323,100.626
8324,8324,92.669
8325,8325,91.174
8326,8326,90.785
8327,8327,108.832
8328,8328,101.417
8329,8329,101.341
8330,8330,106.324
8331,8331,115.882
8332,8332,129.753
8333,8333,128.649
8334,8334,130.419
8335,8335,132.609
8336,8336,128.605
8337,8337,129.62
8338,8338,130.686
8339,8339,125.807
8340,8340,125.115
8341,8341,124.64
8342,8342,120.926
8343,8343,122.496
8344,8344,115.513
8345,8345,112.14
8346,8346,111.017
8347,8347,102.478
8348,8348,111.457
8349,8349,112.382
8350,8350,106.752
8351,8351,95.047
8352,8352,96.469
8353,8353,97.572
8354,8354,98.386
8355,8355,100.739
8356,8356,103.699
8357,8357,105.78
8358,8358,96.543
8359,8359,98.943
8360,8360,99.763
8361,8361,100.513
8362,8362,109.267
8363,8363,106.324
8364,8364,110.698
8365,8365,114.735
8366,8366,121.56
8367,8367,122.837
8368,8368,120.545
8369,8369,121.561
8370,8370,112.745
8371,8371,116.17
8372,8372,122.667
8373,8373,122.795
8374,8374,135.143
8375,8375,120.672
8376,8376,120.672
8377,8377,109.188
8378,8378,108.241
8379,8379,107.025
8380,8380,104.929
8381,8381,98.163
8382,8382,99.689
8383,8383,98.275
8384,8384,103.661
8385,8385,109.862
8386,8386,106.869
8387,8387,116.577
8388,8388,126.285
8389,8389,137.433
8390,8390,144.178
8391,8391,147.683
8392,8392,149.238
8393,8393,150.756
8394,8394,151.593
8395,8395,147.78
8396,8396,137.525
8397,8397,129.355
8398,8398,107.054
8399,8399,103.9385
8400,8400,99.456
8401,8401,98.6955
8402,8402,89.901
8403,8403,84.736
8404,8404,84.8
8405,8405,82.444
8406,8406,88.542
8407,8407,95.291
8408,8408,99.528
8409,8409,114.52
8410,8410,118.939
8411,8411,128.507
8412,8412,142.649
8413,8413,155.886
8414,8414,139.897
8415,8415,136.522
8416,8416,135.381
8417,8417,151.188
8418,8418,151.378
8419,8419,132.515
8420,8420,124.462
8421,8421,115.928
8422,8422,108.889
8423,8423,105.535
8424,8424,97.307
8425,8425,103.446
8426,8426,105.609
8427,8427,105.646
8428,8428,102.647
8429,8429,102.141
8430,8430,103.519
8431,8431,102.937
8432,8432,103.592
8433,8433,105.461
8434,8434,110.402
8435,8435,122.493
8436,8436,130.5
8437,8437,136.566
8438,8438,141.065
8439,8439,144.704
8440,8440,151.14
8441,8441,156.371
8442,8442,151.71
8443,8443,143.971
8444,8444,156.371
8445,8445,147.943
8446,8446,143.058
8447,8447,130.671
8448,8448,119.74
8449,8449,115.653
8450,8450,101.026
8451,8451,94.362
8452,8452,92.013
8453,8453,90.334
8454,8454,92.758
8455,8455,91.474
8456,8456,91.608
8457,8457,89.369
8458,8458,91.507
8459,8459,87.099
8460,8460,88.641
8461,8461,89.104
8462,8462,91.575
8463,8463,99.102
8464,8464,99.563
8465,8465,101.564
8466,8466,126.244
8467,8467,121.76
8468,8468,125.994
8469,8469,132.429
8470,8470,127.12
8471,8471,125.828
8472,8472,121.03
8473,8473,128.803
8474,8474,122.045
8475,8475,117.983
8476,8476,111.547
8477,8477,117.467
8478,8478,100.382
8479,8479,96.261
8480,8480,91.86633333333332
8481,8481,87.47166666666665
8482,8482,83.077
8483,8483,83.14
8484,8484,84.864
8485,8485,85.67
8486,8486,87.852
8487,8487,86.968
8488,8488,95.654
8489,8489,95.291
8490,8490,104.03
8491,8491,104.652
8492,8492,109.04
8493,8493,113.975
8494,8494,140.975
8495,8495,127.204
8496,8496,120.828
8497,8497,136.038
8498,8498,146.595
8499,8499,141.742
8500,8500,140.975
8501,8501,136.302
8502,8502,118.261
8503,8503,113.858
8504,8504,109.455
8505,8505,94.843
8506,8506,87.819
8507,8507,84.255
8508,8508,82.887
8509,8509,80.75
8510,8510,78.954
8511,8511,74.745
8512,8512,72.999
8513,8513,81.281
8514,8514,81.219
8515,8515,79.138
8516,8516,87.786
8517,8517,81.814
8518,8518,79.108
8519,8519,90.601
8520,8520,91.912
8521,8521,91.507
8522,8522,92.52
8523,8523,87.655
8524,8524,86.871
8525,8525,86.318
8526,8526,88.246
8527,8527,95.879
8528,8528,95.949
8529,8529,97.938
8530,8530,111.088
8531,8531,104.983
8532,8532,95.983
8533,8533,90.702
8534,8534,85.283
8535,8535,78.432
8536,8536,77.06
8537,8537,78.677
8538,8538,79.756
8539,8539,87.164
8540,8540,96.539
8541,8541,112.237
8542,8542,100.203
8543,8543,101.313
8544,8544,97.307
8545,8545,97.973
8546,8546,92.995
8547,8547,110.554
8548,8548,101.062
8549,8549,115.457
8550,8550,117.983
8551,8551,107.689
8552,8552,106.98
8553,8553,105.277
8554,8554,104.213
8555,8555,106.274
8556,8556,116.046
8557,8557,136.61
8558,8558,145.118
8559,8559,134.116
8560,8560,124.132
8561,8561,120.183
8562,8562,113.2
8563,8563,110.517
8564,8564,112.468
8565,8565,110.288
8566,8566,113.239
8567,8567,110.897
8568,8568,120.304
8569,8569,122.534
8570,8570,115.849
8571,8571,112.045
8572,8572,114.286
8573,8573,114.715
8574,8574,116.676
8575,8575,114.014
8576,8576,114.597
8577,8577,123.228
8578,8578,132.17
8579,8579,136.61
8580,8580,132.041
8581,8581,140.93
8582,8582,140.031
8583,8583,142.604
8584,8584,153.093
8585,8585,146.41
8586,8586,140.615
8587,8587,128.549
8588,8588,121.801
8589,8589,110.023
8590,8590,99.954
8591,8591,98.325
8592,8592,102.611
8593,8593,101.925
8594,8594,96.713
8595,8595,94.396
8596,8596,94.74
8597,8597,92.047
8598,8598,88.575
8599,8599,93.234
8600,8600,87.589
8601,8601,89.203
8602,8602,96.574
8603,8603,96.679
8604,8604,98.96
8605,8605,100.418
8606,8606,100.596
8607,8607,97.027
8608,8608,95.706
8609,8609,96.47
8610,8610,98.4834999999999
8611,8611,99.421
8612,8612,98.713
8613,8613,103.228
8614,8614,102.792
8615,8615,96.818
8616,8616,99.847
8617,8617,99.705
8618,8618,99.705
8619,8619,103.446
8620,8620,100.882
8621,8621,98.607
8622,8622,98.008
8623,8623,94.774
8624,8624,85.508
8625,8625,86.871
8626,8626,101.529
8627,8627,90.201
8628,8628,90.1
8629,8629,90.134
8630,8630,86.026
8631,8631,79.787
8632,8632,81.532
8633,8633,80.47
8634,8634,81.72
8635,8635,84.064
8636,8636,87.132
8637,8637,88.18
8638,8638,96.539
8639,8639,99.954
8640,8640,108.175
8641,8641,113.162
8642,8642,109.947
8643,8643,108.889
8644,8644,108.965
8645,8645,104.909
8646,8646,105.83
8647,8647,108.626
8648,8648,111.738
8649,8649,115.3205
8650,8650,117.229
8651,8651,128.634
8652,8652,125.578
8653,8653,120.263
8654,8654,120.949
8655,8655,115.81
8656,8656,120.143
8657,8657,128.339
8658,8658,121.273
8659,8659,119.628
8660,8660,117.983
8661,8661,111.815
8662,8662,111.241
8663,8663,120.425
8664,8664,125.205
8665,8665,126.9195
8666,8666,128.634
8667,8667,143.651
